0.420471143
0.668265168
0.624809649
0.623692977
0.397958966
0.239825468
0.414210195
0.264260917
0.855404417
1.158653899
0.837215988
0.429545969
0.458104654
0.356293802
0.754869942
0.302319065
0.459959658
0.580636979
0.340820812
0.831658321
0.422486193
0.295201902
0.769251331
0.381727169
0.638933727
0.643291887
0.373581178
0.667784264
0.514996265
0.586057606
0.739748528
0.534522651
0.489508913
0.484329014
0.453704846
0.480795414
0.793496957
0.717621919
0.628843458
0.46451468
0.870759403
0.742547226
0.528754113
0.301029706
0.497753957
0.496624737
0.142876271
0.261294833
0.483183264
0.407914269
0.299208725
0.491881191
0.668846426
0.296751148
0.83150616
0.364436979
0.701548447
0.830704971
0.32268069
0.613953885
0.572939677
1.079831175
0.35200092
0.440545613
0.390436064
0.067172046
0.556482799
0.282761145
0.503279807
0.758012436
0.374129639
0.510340999
0.652007394
0.593852775
0.821807647
0.712844232
0.572531127
0.581311296
0.530334682
0.511701139
0.710175723
0.787166636
0.692284511
0.409682033
0.461634033
0.358131479
0.484806605
0.626397274
0.506232076
0.390660346
0.40125379
0.653376232
0.327366695
0.543232434
0.376512486
0.329808695
0.396389281
0.643385384
0.729193045
0.679060968
0.668324565
0.790982771
0.617001383
0.742677831
0.457753713
0.503633193
0.445929391
0.723256565
0.641529792
0.530147114
0.53049914
0.936026393
0.793581217
0.794768773
0.51276806
0.566570842
0.376465851
0.87766636
0.431594178
0.37096488
0.653737316
0.756070415
0.760569659
0.470557695
0.80966592
0.608991891
0.6067239
0.554893183
0.35041683
0.560719683
0.597258025
0.549335408
0.554256736
0.445431973
0.25586742
0.43053976
0.41154433
0.338786848
0.534871772
0.749003811
0.592519782
0.254245508
0.24074244
0.559016025
0.372989597
0.455082725
0.768909953
0.509476774
0.316126197
0.510610688
0.39331157
0.290404875
0.795318232
0.704648047
0.46174401
0.635606876
0.683836551
0.432056557
0.689998506
0.327176025
0.466737255
0.473718458
0.380165841
0.78494657
0.833359031
0.500297277