0.15274854
0.468746974
0.899635761
0.652168475
0.623231288
0.644323607
0.25422631
0.721469747
0.526485711
0.412163111
0.522941307
0.855422814
0.737479291
0.381710719
0.585416543
0.539877282
0.685907929
0.180930788
0.707271317
0.738890965
0.41883465
0.186271994
0.89056808
0.452108744
0.646420523
0.450774344
0.437935436
0.506797437
0.437027105
0.429156191
0.927048122
0.482249593
0.436017636
0.739820453
0.473341308
0.358784404
0.797045772
0.177368634
0.201965946
0.755411351
0.201542886
0.549301386
0.499123844
0.650811102
0.369984344
0.530474191
0.413967786
0.630152093
0.529478415
0.516171407
0.469796826
0.566880821
0.381656814
0.499665065
0.747922424
0.462098862
0.177505243
0.378709369
0.551373778
0.821579677
0.132192189
0.351782277
0.577657988
0.14306829
0.979157256
0.04054105
0.319447924
0.685085922
0.711809358
0.665321967
0.804774985
0.595519475
0.260788113
0.384830926
0.686692868
0.519752443
0.317142621
0.32059359
0.703420798
0.665854939
0.409366714
0.278547851
0.491988058
0.538707866
0.616495821
0.49642478
0.336731949
0.464345873
0.776741111
-0.167376208
0.503578745
0.551013802
0.389598907
0.669360585
0.613197884
0.187515797
0.506869326
0.285686387
0.39539686
0.354695466
0.382727534
0.417212611
0.653841106
0.302204487
0.399754955
0.145721905
0.495112578
0.498183962
0.747997718
0.4755825
0.266163735
0.408955655
0.31055968
0.481476598
0.707316713
0.139590533
0.577424853
0.710351008
0.467177581
0.495683209
0.313978792
0.366364896
0.37213155
0.418677591
0.56432716
0.528014892
0.476201914
0.580467208
0.642537169
0.390230989
0.615303912
0.532013885
0.246684294
0.527288266
0.145377454
0.191846535
0.422900537
0.523499043
0.429907782
0.53248745
0.201170455
0.435706298
0.471480085
0.406827952
0.282136904
0.196046015
0.488605938
0.521789843
0.583968037
0.582353446
0.458317158
0.256848564
0.470714983
0.28689247
0.332942392
0.275340643
0.532697619
0.353099698
0.704607449
0.386884893
0.395062457
0.406630549
0.52206032
0.688215043
0.399433364
0.56648968