0.747083288
0.579274384
0.626223672
0.738428907
0.580146835
0.400021466
0.521998943
0.830056727
0.236953937
0.427043217
0.465534508
0.621671657
0.555801043
0.588655804
0.558553695
0.501406203
0.518011928
0.283298969
0.579063397
0.453773814
0.442683987
0.407643174
0.889934989
0.512355034
0.575189868
0.634822066
0.838461201
0.609969682
0.733483349
0.54198109
0.082509388
0.47102003
0.104997749
0.365791339
0.540742861
0.33214166
0.609658024
0.156845184
0.756293552
0.453372124
0.240444911
0.602884837
0.679375371
0.440520593
0.394218089
0.446575924
0.216270818
0.44682756
0.574406118
0.542788529
0.741864235
0.808194142
0.71525501
0.581417506
0.240992987
0.833810575
0.420430975
0.456634419
0.618366961
0.739510425
0.724144792
0.221516956
0.574673737
0.591052806
0.53357892
0.669907434
0.566340778
0.401051402
0.691026763
0.666968784
0.683527105
0.50573897
0.695489109
0.284181811
0.84172261
0.515347952
0.642059594
0.737820381
0.608949708
0.598307242
0.449990473
0.424000504
0.749105409
0.450789623
0.842554586
0.628623238
0.580444912
0.434974411
0.653318913
0.435224631
0.744169923
0.496012342
0.702664789
0.431509955
0.369820768
0.383453619
0.421532322
0.270371783
0.73718855
0.24977682
0.698603786
0.572571181
0.433685284
0.498814244
0.540585482
0.411933935
0.595428321
0.650349878
0.612413489
0.399513374
0.480352594
0.831772185
0.611162742
0.700183673
0.672686387
0.433036948
0.507805851
0.501248075
0.559354594
0.510849216
0.387336999
0.965907324
0.702901844
0.488967261
0.561575903
0.647547462
0.727379907
0.402297834
0.457271847
0.288645885
0.513198047
0.370242292
0.479333573
0.667792632
0.572443923
0.629417965
0.678255571
0.73526729
0.619955196
0.285444913
0.43468688
0.547696324
0.765054271
0.522612861
0.553173985
0.329758948
0.498951292
0.357715016
0.367992003
0.434069075
0.462123609
0.55082786
0.385487196
0.61920591
0.4760304
0.613298493
0.334421241
0.48159323
0.435851508
0.680597706
0.856068958
0.835687173
0.24389224
0.321376383
0.757827704
0.328555746
0.858362115
0.590669436
0.544572546
0.60712918