0.660477987
0.496897256
0.65557568
0.394361784
0.499847156
0.404967488
0.332611497
0.800801564
0.550111385
0.536913307
0.364611221
0.57560226
0.508381283
0.461756044
0.592511326
0.399648102
0.449442905
0.16358077
0.498489599
0.250737874
0.417445521
0.429356192
0.170952112
0.377652324
0.346260374
0.431554
0.365241691
0.457170341
0.643897173
0.368044778
0.369753179
0.411516666
0.729946655
0.330217879
0.403724582
0.220783079
0.480540952
0.622640142
0.469384213
0.412053577
0.780102826
0.696840437
0.677205382
0.184578373
0.337853156
0.552276639
0.348861686
0.492956809
0.490892783
0.185262143
0.711943801
0.631081901
0.531951292
0.415248476
0.216012589
0.463047724
0.488289452
0.410290743
0.459970414
0.465885201
0.46736733
0.610638653
0.590264694
0.501379875
0.154339089
0.316023267
0.275736127
0.221306077
0.485557392
0.699541129
0.562405687
0.506713454
0.497730428
0.767941548
0.33572791
0.335963645
0.331284603
0.557832412
0.600703161
0.598526174
0.516854116
0.431457474
0.361499968
0.292421416
0.387153098
0.563198803
0.312070744
0.842104266
0.594282211
0.861370743
0.725625784
0.588411325
0.510999642
0.405714144
0.663302966
0.382384722
0.446002757
0.593283636
0.441926142
0.159147266
0.511374673
0.433095501
0.782653246
0.586742357
0.536679557
0.561418578
0.299105702
0.359859162
0.407197053
0.67283798
0.526105833
0.511228891
0.434865109
0.213790047
0.396284346
0.335047051
0.34267065
0.371831674
0.175980417
0.385136045
0.259596563
0.352377855
0.544288406
0.598449826
0.430848755
0.35246441
0.472053054
0.301410238
0.605852581
0.395120739
0.515212247
0.596297788
0.352388026
0.344172986
0.785005989
0.620131894
0.167299761
0.475350879
0.612748141
0.515303575
0.552825236
0.387975902
0.335638515
0.831311892
0.199692581
0.378281281
0.719051386
0.407869114
0.477135774
0.51125399
0.355986822
0.473207655
0.344416661
0.484376499
0.765623169
0.704516085
0.387875314
0.617846502
0.60757771
0.524165084
0.516291904
0.499020011
0.504084907
0.742812204
0.559161769
0.609016723