0.562665981
0.870032814
0.402134468
0.710095258
0.358097854
0.628471993
0.245241069
0.20812857
0.521437149
0.37458275
0.636442737
0.574031032
0.678939771
0.395529262
0.369379172
0.607353029
0.461847284
0.559620809
0.596076263
0.46349505
0.409401173
0.623865917
0.641631328
0.522390299
0.29561023
0.52705528
0.325008594
0.423881062
0.672751369
0.395978912
0.456603995
0.529521732
0.720392353
0.714076504
0.805636954
0.605535786
0.553450836
0.409881107
0.178015643
0.482338887
0.599060003
0.408687679
0.245855484
0.511864971
0.758366322
0.512999716
0.593010771
0.507863874
0.320049869
0.262368636
0.395556947
0.415061473
0.470592832
0.333734636
0.545969762
0.362730755
0.59069607
0.691627348
0.577888365
0.329222803
0.403835538
0.319669424
0.660032606
0.577491792
0.37937391
0.328713775
0.765648602
0.499331367
0.374951726
0.263898411
0.514182659
0.731257963
0.168585691
0.62984466
0.708624002
0.399304228
0.450168781
0.336020523
0.457627715
0.863099608
0.790835416
0.617900555
0.274074752
0.988578502
0.466024539
0.3779703
0.521919469
0.496207823
0.534609228
0.606964217
0.762580978
0.580968928
0.503524709
0.582584263
0.574342267
0.801391052
0.684363872
0.568723626
0.702464411
0.514860256
0.940559793
0.775724668
0.631494041
0.582784947
0.637408594
0.398191581
0.638679349
0.473040359
0.233800885
0.551432977
0.18369482
0.601339081
0.373462119
0.967038872
0.662767984
0.394528632
0.645561215
0.427495646
0.752470366
0.435176543
0.580987628
0.415320624
0.541202671
0.353043765
0.437370159
0.365390213
0.295119651
0.356043452
0.705768542
0.25372882
0.638508675
0.982537526
0.427924078
0.609224342
0.9200657
0.589332743
0.456864886
0.411293622
0.418345417
0.302649275
0.691448589
0.159837045
0.435734049
0.282775781
0.652748151
0.56519141
0.075927512
0.479693146
0.625885944
0.522413721
0.774726698
0.878445514
0.218141483
0.422461666
0.641412456
0.322146784
0.618392983
0.515862487
0.663737444
0.62486172
0.505882083
0.384564457
0.593171106
0.701167186
0.262588177
0.399799845