0.501125871
0.431238833
0.200126522
0.337998149
0.840467329
0.255758148
0.82899369
0.547957958
0.703211758
0.533623125
0.187296272
0.148782871
0.230250187
0.695106095
0.553285725
1.028905919
0.236125394
0.306947188
0.469588522
0.685902818
0.589805967
0.496851286
0.175745686
0.671872823
0.16928972
0.455330681
0.601846319
0.471039989
0.571159098
0.429799778
0.506181888
0.652279436
0.424361743
0.644110589
0.588894529
0.733739007
0.275703548
0.846723324
0.594881642
0.297548648
0.392306179
0.61566292
0.421090477
0.651540091
0.650446291
0.523788508
0.460635215
0.507816534
0.371261235
0.474347572
0.357734445
0.917518269
0.480721907
0.610967381
0.371357407
0.318300857
0.766592556
0.419458083
0.560889452
0.506435193
0.434377389
0.268110494
0.476546206
0.591877236
0.351047498
0.2441375
0.505954492
0.141907553
0.576653453
0.678915667
0.685244089
0.447777637
0.5386315
0.512407211
0.260895473
0.511099256
0.36500424
0.389250239
0.522849737
0.601862308
0.456114893
0.435049404
0.472950436
0.47047879
0.460565696
0.561518015
0.631710002
0.687506319
0.598263629
0.768762917
0.473479698
0.4907056
0.619562819
0.398767943
0.323923075
0.474508639
0.463344185
0.380830934
0.141933519
0.562328664
0.430302956
0.94806717
0.114882824
0.31745602
0.535127794
0.523547449
0.469104956
0.131518645
0.767951039
0.550493011
0.532320411
0.527333342
0.687525847
0.690745903
0.298772924
0.06473297
0.42103038
0.329637377
0.681310166
0.647264168
0.505959545
0.324504631
0.622379153
0.075324281
0.379571727
0.451594226
0.463990886
0.056711523
0.457983993
0.44154315
0.599441121
0.603813815
0.569376155
0.448193832
0.086502086
0.411342359
0.180228785
0.222276398
0.480423661
0.634212849
0.556155496
0.665015659
0.363376502
0.776331212
0.465387011
0.466119513
0.528799924
0.479601855
0.465669493
0.246869547
0.845572006
0.565508706
0.601628116
0.317502662
0.611154161
0.225787441
0.650586536
0.472157461
0.927320118
0.479726446
0.563746788
0.542799517
0.498551498
0.395861575
0.724070353
0.86016306