0.416666667
0.708333333
0.703703704
0.703703704
0.68
0.678571429
0.678571429
0.7
0.653846154
0.653846154
0.677419355
0.62962963
0.62962963
0.633333333
0.633333333
0.65625
0.676470588
0.607142857
0.607142857
0.607142857
0.607142857
0.607142857
0.607142857
0.612903226
0.636363636
0.657142857
0.586206897
0.586206897
0.586206897
0.59375
0.617647059
0.566666667
0.566666667
0.575757576
0.575757576
0.575757576
0.6
0.6
0.6
0.6
0.558823529
0.558823529
0.558823529
0.558823529
0.558823529
0.558823529
0.558823529
0.558823529
0.558823529
0.558823529
0.583333333
0.53125
0.542857143
0.542857143
0.542857143
0.542857143
0.542857143
0.567567568
0.567567568
0.58974359
0.515151515
0.515151515
0.515151515
0.515151515
0.515151515
0.527777778
0.527777778
0.527777778
0.527777778
0.527777778
0.527777778
0.527777778
0.527777778
0.552631579
0.552631579
0.552631579
0.552631579
0.552631579
0.5
0.5
0.513513514
0.513513514
0.513513514
0.513513514
0.513513514
0.538461538
0.56097561
0.485714286
0.485714286
0.485714286
0.485714286
0.485714286
0.485714286
0.485714286
0.485714286
0.5
0.5
0.5
0.525
0.525
0.547619048
0.472222222
0.472222222
0.472222222
0.472222222
0.487179487
0.487179487
0.487179487
0.512195122
0.459459459
0.475
0.475
0.475
0.5
0.447368421
0.447368421
0.447368421
0.447368421
0.447368421
0.463414634
0.463414634
0.463414634
0.511111111
0.435897436
0.435897436
0.435897436
0.435897436
0.452380952
0.452380952
0.477272727
0.425
0.425
0.425
0.441860465
0.441860465
0.414634146
0.414634146
0.414634146
0.414634146
0.431818182
0.456521739
0.404761905
0.404761905
0.404761905
0.404761905
0.395348837
0.395348837
0.413043478
0.413043478
0.413043478
0.386363636
0.386363636
0.386363636
0.377777778
0.377777778
0.377777778
0.377777778
0.377777778
0.42
0.369565217
0.38
0.354166667
0.396226415
0.346938776
0.326923077
0.269230769