0.76
0.724137931
0.68
0.678571429
0.678571429
0.7
0.653846154
0.655172414
0.655172414
0.655172414
0.655172414
0.655172414
0.677419355
0.677419355
0.677419355
0.633333333
0.633333333
0.607142857
0.607142857
0.612903226
0.612903226
0.612903226
0.612903226
0.657142857
0.586206897
0.59375
0.59375
0.59375
0.617647059
0.617647059
0.566666667
0.566666667
0.575757576
0.575757576
0.575757576
0.575757576
0.575757576
0.575757576
0.548387097
0.548387097
0.548387097
0.558823529
0.558823529
0.558823529
0.583333333
0.583333333
0.53125
0.53125
0.53125
0.53125
0.53125
0.53125
0.542857143
0.542857143
0.542857143
0.542857143
0.542857143
0.567567568
0.58974359
0.515151515
0.515151515
0.515151515
0.515151515
0.527777778
0.527777778
0.527777778
0.527777778
0.527777778
0.527777778
0.552631579
0.552631579
0.552631579
0.552631579
0.575
0.5
0.5
0.5
0.5
0.5
0.5
0.5
0.5
0.513513514
0.513513514
0.513513514
0.538461538
0.485714286
0.485714286
0.5
0.5
0.525
0.525
0.472222222
0.472222222
0.472222222
0.472222222
0.472222222
0.472222222
0.487179487
0.487179487
0.487179487
0.487179487
0.487179487
0.512195122
0.459459459
0.459459459
0.459459459
0.475
0.475
0.5
0.5
0.447368421
0.447368421
0.447368421
0.447368421
0.447368421
0.447368421
0.447368421
0.463414634
0.463414634
0.463414634
0.463414634
0.511111111
0.435897436
0.435897436
0.435897436
0.452380952
0.477272727
0.425
0.425
0.425
0.425
0.425
0.441860465
0.466666667
0.466666667
0.466666667
0.466666667
0.414634146
0.414634146
0.414634146
0.431818182
0.456521739
0.456521739
0.404761905
0.404761905
0.422222222
0.422222222
0.422222222
0.395348837
0.395348837
0.395348837
0.395348837
0.395348837
0.413043478
0.386363636
0.386363636
0.428571429
0.377777778
0.395833333
0.442307692
0.369565217
0.369565217
0.387755102
0.346938776
0.314814815