0.85
0.777777778
0.730769231
0.75
0.724137931
0.724137931
0.678571429
0.678571429
0.7
0.655172414
0.696969697
0.62962963
0.62962963
0.62962963
0.633333333
0.633333333
0.676470588
0.607142857
0.612903226
0.612903226
0.612903226
0.636363636
0.586206897
0.586206897
0.586206897
0.586206897
0.59375
0.59375
0.59375
0.59375
0.59375
0.59375
0.575757576
0.575757576
0.575757576
0.575757576
0.575757576
0.6
0.6
0.621621622
0.621621622
0.621621622
0.548387097
0.548387097
0.558823529
0.558823529
0.558823529
0.583333333
0.583333333
0.583333333
0.583333333
0.53125
0.53125
0.53125
0.53125
0.53125
0.53125
0.542857143
0.542857143
0.542857143
0.542857143
0.542857143
0.567567568
0.567567568
0.58974359
0.515151515
0.515151515
0.515151515
0.515151515
0.515151515
0.515151515
0.515151515
0.527777778
0.527777778
0.527777778
0.527777778
0.552631579
0.552631579
0.552631579
0.552631579
0.5
0.5
0.5
0.5
0.513513514
0.513513514
0.513513514
0.513513514
0.513513514
0.513513514
0.538461538
0.538461538
0.581395349
0.485714286
0.485714286
0.485714286
0.485714286
0.485714286
0.485714286
0.485714286
0.486486486
0.5
0.5
0.5
0.525
0.525
0.472222222
0.472222222
0.472222222
0.472222222
0.472222222
0.487179487
0.487179487
0.487179487
0.512195122
0.459459459
0.459459459
0.459459459
0.459459459
0.459459459
0.459459459
0.475
0.475
0.475
0.447368421
0.447368421
0.447368421
0.447368421
0.447368421
0.463414634
0.463414634
0.463414634
0.463414634
0.463414634
0.488372093
0.488372093
0.435897436
0.435897436
0.435897436
0.452380952
0.452380952
0.452380952
0.452380952
0.425
0.425
0.425
0.466666667
0.466666667
0.414634146
0.414634146
0.414634146
0.431818182
0.404761905
0.404761905
0.422222222
0.469387755
0.395348837
0.395348837
0.395348837
0.386363636
0.386363636
0.377777778
0.369565217
0.369565217
0.369565217
0.387755102
0.361702128
0.403846154
0.354166667
0.365384615