0.904761905
0.884615385
0.80952381
0.791666667
0.772727273
0.76
0.739130435
0.739130435
0.730769231
0.766666667
0.708333333
0.703703704
0.68
0.68
0.678571429
0.678571429
0.71875
0.653846154
0.655172414
0.655172414
0.655172414
0.696969697
0.633333333
0.633333333
0.607142857
0.607142857
0.607142857
0.607142857
0.607142857
0.612903226
0.612903226
0.612903226
0.636363636
0.636363636
0.586206897
0.59375
0.59375
0.59375
0.59375
0.59375
0.59375
0.638888889
0.566666667
0.566666667
0.566666667
0.566666667
0.575757576
0.575757576
0.575757576
0.6
0.548387097
0.548387097
0.558823529
0.558823529
0.583333333
0.583333333
0.583333333
0.583333333
0.53125
0.53125
0.53125
0.567567568
0.567567568
0.515151515
0.515151515
0.515151515
0.515151515
0.527777778
0.527777778
0.527777778
0.527777778
0.527777778
0.527777778
0.552631579
0.575
0.5
0.5
0.5
0.5
0.5
0.513513514
0.513513514
0.513513514
0.513513514
0.513513514
0.538461538
0.538461538
0.485714286
0.485714286
0.485714286
0.5
0.5
0.5
0.5
0.5
0.5
0.547619048
0.472222222
0.472222222
0.487179487
0.487179487
0.487179487
0.512195122
0.459459459
0.459459459
0.459459459
0.459459459
0.459459459
0.459459459
0.459459459
0.459459459
0.475
0.475
0.475
0.475
0.475
0.5
0.5
0.447368421
0.447368421
0.447368421
0.463414634
0.463414634
0.463414634
0.463414634
0.435897436
0.435897436
0.435897436
0.435897436
0.435897436
0.435897436
0.452380952
0.452380952
0.452380952
0.425
0.425
0.425
0.441860465
0.441860465
0.441860465
0.441860465
0.414634146
0.414634146
0.414634146
0.414634146
0.414634146
0.431818182
0.431818182
0.404761905
0.404761905
0.404761905
0.404761905
0.404761905
0.422222222
0.446808511
0.395348837
0.413043478
0.386363636
0.377777778
0.377777778
0.369565217
0.369565217
0.369565217
0.387755102
0.354166667
0.354166667