0.621214255
0.381046711
0.683831973
0.668468232
0.505406458
0.53890323
0.497516885
0.311509724
0.361967327
0.612468318
0.550006659
0.457541005
0.621631493
0.574630784
0.361966217
0.657642982
0.508496334
0.260147447
0.414011903
0.721736667
0.619892773
0.376716192
0.44882817
0.286057017
0.625851552
0.469414148
0.871619043
0.531284362
0.23471497
0.547689732
0.486378083
0.736491296
0.656000809
0.526550299
0.675605828
0.283003341
0.426614283
0.57626322
0.321616893
0.429214443
0.629112849
0.412200867
0.491072607
0.412523171
0.726349761
0.429334082
0.578511217
0.610347912
0.694551952
0.547703476
0.566037075
0.583814231
0.579166611
0.450473587
0.475537298
0.324072042
0.600715641
0.481956622
0.383455981
0.711328887
0.442575462
0.504261521
0.548601182
0.439656497
0.377956233
0.616727044
0.696227304
0.357657881
0.490037983
0.502882303
0.371680795
0.452669005
0.562473242
0.569812555
0.351109454
0.564086632
0.552725156
0.502344539
0.596903266
0.412659619
0.63177431
0.539896194
0.393492751
0.549843299
0.463744643
0.419197977
0.536360137
0.378837677
0.589687417
0.425083214
0.785866936
0.660571319
0.647225171
0.520661632
0.407381523
0.562700517
0.375961658
0.582095791
0.637821188
0.484648511
0.534363042
0.35288195
0.98795066
0.561000312
0.581926951
0.698564064
0.578656989
0.426654793
0.421627404
0.389103917
0.58003685
0.651313874
0.754700297
0.487665218
0.484017272
0.380371614
0.257603244
0.239104815
0.544571959
0.316819768
0.528023866
0.681625592
0.726041872
0.436611614
0.682224103
0.472621822
0.56346355
0.521749944
0.491522067
0.528625203
0.587463749
0.497863893
0.511594534
0.632575447
0.583258899
0.573465946
0.476048642
0.483629862
0.32374337
0.670629662
0.406428898
0.588305052
0.498506145
0.302919797
0.563604114
0.42635441
0.484690601
0.481240321
0.685593569
0.362082709
0.749555273
0.419299384
0.287048692
0.676559533
0.393094876
0.550048333
0.553544021
0.482900022
0.253872869
0.6249985
0.434638162
0.633096993
0.369201619
0.22116072
0.506040654
0.529132501