0.5859609
0.644470143
0.483489474
0.599060363
0.335796989
0.474595793
0.494800646
0.399353757
0.392161321
0.46523466
0.536638778
0.506635542
0.350626341
0.423228692
0.488372431
0.65227894
0.234841123
0.864299375
0.464297713
0.298762629
0.531338475
0.492014008
0.623924024
0.49761293
0.526801791
0.492488126
0.435034672
0.60034696
0.485188993
0.325070514
0.717897611
0.467179748
0.564350694
0.521460711
0.468511394
0.302449802
0.638506822
0.565536921
0.452296516
0.414934752
0.636330851
0.625712033
0.69448096
0.56181709
0.30930055
0.391208373
0.528937065
0.597654725
0.731101084
0.515741637
0.592348177
0.654343199
0.348991173
0.68884512
0.40045258
0.363341139
0.776300677
0.725890296
0.695897006
0.62883867
0.343613369
0.260091551
0.582105257
0.661703957
0.635916775
0.408705563
0.710144499
0.523645393
0.479366885
0.724243714
0.871532213
0.438231335
0.361680602
0.495330101
0.460219609
0.439536492
0.120600071
0.365768815
0.492349429
0.496354559
0.632271042
0.523651624
0.360704899
0.417456053
0.623994319
0.546293106
0.539092906
0.725287056
0.504114637
0.652474476
0.659427755
0.657732875
0.470933637
0.63900637
0.357374167
0.146922631
0.506661449
0.134602924
0.537154086
0.403562007
0.565964674
0.445216314
0.665156791
0.41578733
0.623922551
0.935447392
0.470218138
0.478716408
0.573345693
0.701288543
0.540805783
0.743609036
0.606845898
0.374835767
0.421047938
0.504287919
0.422127202
0.533529082
0.48331586
0.47420575
0.452534565
0.713512517
0.531966894
0.407771095
0.64211997
0.533094652
0.416723188
0.524855982
0.459367061
0.494688749
0.655406599
0.433924752
0.512644063
0.575926056
0.436908382
0.590688442
0.385082372
0.433794102
0.186316355
0.567807737
0.569681915
0.311596124
0.592335252
0.466026158
0.376106726
0.433059918
0.448904152
0.747395104
0.602501783
0.362177925
0.520402446
0.455185746
0.34090505
0.560430007
0.501602032
0.322858126
0.485189756
0.591955191
0.333875108
0.2605432
0.720341723
0.427126549
0.379721317
0.4383265
0.424490789
0.479018817