0.709556971
0.578707613
0.69349799
0.705912509
0.400583619
0.553251556
0.73041942
0.480992067
0.619405498
0.11331692
0.496277249
0.525558944
0.50496123
0.612388581
0.50031544
0.487828482
0.48402463
0.530335633
0.627055605
0.470541928
0.532335533
0.367507984
0.43304804
0.493636531
0.750188193
0.614261796
0.594421157
0.532658523
0.627305457
0.538657009
0.153710885
0.40523771
0.372330662
0.475854511
0.463724175
0.315456584
0.616987358
0.567450805
0.539429609
0.436831603
0.568674492
0.599421379
0.701692988
0.535112184
0.415619401
0.625290039
0.414847986
0.558051502
0.316744848
0.678667539
0.439431951
0.663488149
0.562686886
0.497550715
0.69750161
0.631878166
0.556169393
0.574900076
0.685873482
0.585877225
0.643105073
0.809227195
0.498665066
0.356496446
0.651902044
0.639247495
0.587919054
0.396236559
0.715992571
0.610545752
0.59453079
0.747826396
0.815897821
0.542226317
0.517733169
0.563882294
0.562419833
0.473233848
0.408063125
0.383250478
0.65163732
0.455176996
0.628972615
0.559411538
0.536802343
0.76823017
0.39540816
0.756262424
0.620584131
0.360074495
0.650897825
0.471537263
0.427924842
0.332241615
0.718192056
0.415874011
0.416841842
0.303747305
0.407759007
0.484896766
0.535600042
0.493488052
0.720340816
0.640778207
0.762970739
0.244500039
0.612977923
0.459272886
0.407887583
0.393749449
0.584776205
0.496622369
0.282533477
0.791520253
0.418378651
0.523505065
0.329749577
0.624771372
0.623919864
0.567757303
0.542324425
0.525187271
0.449992457
0.507793337
0.588394204
0.422754889
0.447152566
0.315745915
0.471335993
0.494829123
0.486169783
0.282198603
0.469767391
0.497369041
0.605858617
0.577144748
0.539295167
0.408164812
0.644148042
0.543991975
0.42481374
0.493246021
0.453451185
0.30274137
0.675641681
0.608851513
0.56212533
0.458545138
0.52764604
0.450923952
0.475027312
0.540508723
0.531164767
0.504190303
0.612407853
0.429296029
0.424385858
0.498860605
0.541479975
0.588401944
0.79271958
0.485797542
0.210598276
0.52692538
0.581123376
0.56877486
0.295624987
0.613471589
0.611267388
0.559171443