0.700221119
0.63742776
0.559675503
0.543007425
0.629939519
0.473543936
0.253425011
0.631047748
0.480537919
0.599251023
0.638586119
0.441915543
0.80667922
0.406298714
0.621222463
0.759394899
0.609054484
0.813640262
0.564326873
0.476465741
0.70857439
0.472901795
0.450011399
0.254874999
0.55774054
0.644369162
0.604996944
0.643807101
0.515669929
0.426695453
0.441472272
0.605638241
0.624263792
0.514457549
0.553200594
0.348150343
0.454038067
0.441838762
0.508209011
0.377282131
0.477497394
0.499353165
0.546409402
0.446472684
0.699496694
0.503310255
0.302068164
0.451017469
0.623861771
0.535933977
0.513365761
0.513395332
0.501032216
0.467274829
0.299296208
0.783304222
0.522717266
0.336874395
0.462884252
0.377184252
0.702089087
0.750061177
0.465478503
0.665532808
0.344134459
0.684679136
0.638553149
0.209871322
0.502564644
0.678138408
0.570951643
0.517179562
0.502801095
0.974135527
0.272371446
0.533936888
0.405033709
0.568591399
0.647243458
0.62069943
0.791717176
0.750315278
0.438652905
0.590191709
0.536646958
0.394526801
0.827398883
0.551553656
0.742401974
0.609291205
0.449013677
0.573574676
0.471608165
0.518059021
0.567941215
0.514361448
0.25772586
0.540152002
0.425694102
0.370745056
0.771068218
0.445629769
0.539826075
0.496061426
0.471163633
0.509899672
0.523881666
0.341166075
0.378093864
0.47170996
0.558088209
0.603002898
0.449072959
0.253801444
0.417282993
0.278209602
0.69948721
0.77280368
0.470716434
0.278746199
0.5716037
0.231643961
0.52320564
0.52189412
0.620043685
0.443391117
0.531909167
0.609623453
0.41744716
0.778339405
0.433891492
0.481878906
0.609809718
0.464938989
0.676106225
0.408583053
0.537684478
0.488477316
0.459920991
0.357538907
0.392672154
0.452971293
0.268430828
0.586075005
0.531016771
0.404274659
0.816225827
0.653300449
0.555181846
0.509109269
0.57264808
0.450113766
0.648041781
0.525070297
0.454808989
0.416229592
0.605552909
0.576796953
0.339727016
0.468837013
0.411557212
0.477768883
0.629726751
0.607841511
0.452428559
0.329289464