0.436069205
0.555049636
0.587457544
0.557936732
0.402346254
0.480009759
0.400965166
0.429473221
0.484494871
0.539565234
0.334461818
0.535970668
0.36968393
0.845858938
0.708049533
0.674866666
0.518081124
0.607470987
0.572997439
0.77171851
0.790234691
0.52769518
0.495147156
0.624706819
0.544267528
0.549520783
0.405945844
0.599031963
0.629215948
0.607939907
0.470059823
0.47632526
0.69669333
0.544367892
0.761387333
0.484181166
0.551759902
0.632243778
0.394266093
0.628912893
0.443888282
0.531628563
0.647957095
0.541957183
0.360259326
0.660965379
0.56153041
0.554357592
0.365584516
0.52779125
0.298898581
0.438377749
0.344851115
0.38852841
0.386208733
0.320527144
0.341120885
0.370747221
0.686949321
0.366896491
0.538618169
0.717221824
0.572153044
0.504446089
0.538675577
0.666028349
0.68157764
0.504347686
0.753215968
0.469607173
0.505785586
0.342449494
0.471646781
0.553623988
0.446020634
0.446223558
0.490094866
0.333602386
0.424576621
0.681614586
0.647582777
0.407853046
0.596197083
0.253380253
0.306297695
0.662596121
0.607356746
0.519908321
0.592599801
0.504554457
0.414833
0.516009887
0.847641837
0.428606822
0.731711522
0.315041856
0.227650876
0.582060041
0.711748067
0.275388604
0.584401815
0.440403659
0.42029875
0.611971964
0.300072727
0.700760196
0.318858337
0.278267206
0.729986159
0.532161339
0.704129076
0.456700369
0.468916497
0.365059961
0.518029539
0.508427135
0.565915218
0.502033358
0.345771704
0.514978263
0.24777197
0.710983031
0.437825688
0.464480269
0.464370382
0.356983554
0.292395175
0.707153161
0.762646324
0.456105444
0.493633344
0.425331482
0.551319562
0.447423388
0.403204516
0.580004429
0.605698995
0.368326551
0.463265638
0.581186156
0.374705959
0.508829764
0.445974391
0.70522727
0.684343854
0.428341434
0.444565042
0.58045654
0.610879518
0.437296629
0.578275608
0.677417422
0.477333996
0.783915519
0.55729268
0.854968853
0.625335744
0.534048809
0.630370919
0.31639039
0.497109981
0.672962969
0.467024469
0.530509124
0.48180734
0.189373268