0.478214752
0.567640879
0.413641492
0.440741799
0.574197571
0.513882456
0.722313943
0.669786076
0.560689148
0.577341398
0.581948792
0.592241973
0.40104682
0.363208627
0.842583474
0.646172325
0.689562439
0.392096842
0.604298012
0.609931108
0.182809806
0.430353301
0.608851181
0.587268938
0.628873658
0.369059624
0.565100899
0.656045201
0.305195922
0.449413338
0.385321135
0.285957458
0.636299674
0.625409819
0.306675825
0.7213444
0.425573837
0.752807967
0.459611644
0.470948258
0.544342037
0.497765258
0.463237388
0.535897756
0.356550079
0.564064887
0.292738121
0.526091557
0.766341978
0.726168132
0.748141115
0.419448331
0.593728726
0.260388028
0.351008026
0.882799363
0.404922867
0.573281029
0.922898926
0.801249163
0.211794579
0.249521474
0.224962557
0.557814395
0.681011584
0.524036022
0.587070469
0.434223859
0.294014243
0.544615435
0.735093168
0.200196789
0.616566377
0.294553509
0.430386979
0.452150992
0.637330043
0.549569868
-0.031249209
0.605252185
0.669117824
0.297578583
0.247362145
0.438350446
0.409528327
0.575286033
0.719933299
0.556096764
0.425655337
0.514799046
0.38193781
0.47210594
0.38479492
0.400603215
0.642622497
0.880056412
0.447528635
0.209016457
0.532933156
0.640355682
0.385056731
0.526575522
0.41289619
0.297164239
0.737219654
0.309611382
0.626912865
0.383493768
0.719372151
0.366522934
0.708122347
0.734604611
0.496002132
0.986408291
0.383263071
0.379275746
0.175170886
0.75692116
0.467999673
0.506221374
0.499033134
0.887822878
0.509616178
0.652841044
0.593188624
0.709709153
0.569828325
0.82460433
0.628416322
0.460303219
0.615950549
0.61292539
0.638026262
0.433518605
0.593443173
0.613973805
0.325671008
0.249685776
0.68050125
0.578812523
0.509958905
0.751964491
0.639174126
0.502625419
0.437358691
0.352207093
0.303288908
0.320634275
0.507366749
0.392630906
0.673317036
0.818602132
0.372032049
0.429378438
0.61126999
0.326358418
0.389357647
0.510297894
0.737719969
0.391978134
0.647233089
0.4982914
0.553253156
0.472026876
0.536333891
0.652188664