0.56122449
0.790123457
0.721153846
0.807017544
0.81372549
0.732673267
0.762376238
0.875
0.77
0.691588785
0.77173913
0.724770642
0.830357143
0.803921569
0.896907216
0.842105263
0.835051546
0.886363636
0.867346939
0.731481481
0.793478261
0.644859813
0.836363636
0.838709677
0.815533981
0.907216495
0.868131868
0.789473684
0.620689655
0.909090909
0.836734694
0.82300885
0.936842105
0.49
0.803921569
0.898989899
0.795918367
0.829545455
0.9375
0.741573034
0.77027027
0.76344086
0.765957447
0.778688525
0.825688073
0.844827586
0.808988764
0.825581395
0.915966387
0.6875
0.715909091
0.795918367
0.787037037
0.865384615
0.758928571
0.6875
0.551724138
0.717171717
0.850877193
0.77
0.731958763
0.8
0.759615385
0.802325581
0.75
0.79245283
0.718446602
0.777777778
0.745283019
0.836734694
0.825242718
0.796296296
0.77173913
0.783505155
0.787878788
0.848837209
0.805555556
0.887755102
0.855769231
0.633333333
0.804597701
0.774774775
0.865384615
0.836734694
0.917431193
0.843478261
0.9
0.831775701
0.872093023
0.818181818
0.756097561
0.861386139
0.771428571
0.823529412
0.896551724
0.755555556
0.611111111
0.8
0.777777778
0.75
0.861702128
0.948275862
0.820224719
0.791666667
0.864583333
0.914529915
0.855769231
0.83
0.771428571
0.855769231
0.84375
0.878504673
0.932038835
0.723809524
0.923076923
0.835051546
0.880434783
0.821052632
0.916666667
0.905982906
0.917431193
0.946428571
0.77
0.904347826
0.842592593
0.814814815
0.919191919
0.719298246
0.94
0.922222222
0.872881356
0.757575758
0.941860465
0.870967742
0.9
0.881818182
0.87654321
0.928571429
0.779816514
0.887640449
0.842105263
0.892156863
0.896226415
0.912621359
0.904255319
0.830188679
0.91011236
0.885714286
0.793814433
0.903225806
0.978947368
0.802197802
0.813084112
0.850574713
0.797979798
0.902654867
0.7875
0.736263736
0.914634146
0.828282828
0.914893617
0.94
0.888888889
0.921052632
0.923076923
0.798076923
0.911764706
0.86
0.929292929
0.927083333
0.902654867
0.882978723
0.896907216
0.872340426
0.885714286
0.923913043
0.882978723
0.894230769
0.901098901
0.866666667
0.846846847
0.778761062
0.739583333
0.863636364
0.909090909
0.881818182
0.798245614
0.714285714
0.858695652
0.951456311
0.872340426
0.961538462
0.97752809
0.904761905
0.893617021
0.946902655
0.858585859
0.909090909
0.745098039
0.854368932
0.95049505
0.782608696
0.924528302
0.747474747
0.859504132
0.877358491
0.891304348
0.817204301
0.688172043
0.902173913
0.958762887
0.876190476
0.894230769
0.87254902
0.726415094
0.770114943
0.909090909
0.834862385
0.863157895
0.879120879
0.801886792
0.855855856
0.88372093
0.854700855
0.897959184
0.811881188
0.898148148
0.870967742
0.875
0.875
0.861788618
0.852173913
0.591397849
0.853932584
0.805309735
0.824175824
0.759259259
0.924050633
0.733944954
0.72
0.734042553
0.792079208
0.88172043
0.89
0.738738739
0.738636364
0.741935484
0.871287129
0.831775701
0.794117647
0.83908046
0.777777778
0.834951456
0.920792079
0.772727273
0.828571429
0.835051546
0.795454545
0.727272727
0.852631579
0.900900901
0.670588235
0.765432099
0.841666667
0.864864865
0.814814815
0.62244898
0.792079208
0.742574257
0.875
0.90990991
0.734693878
0.754545455
0.829787234
0.903846154
0.796116505
0.777777778
0.766990291
0.759259259
0.782608696
0.817204301
0.738317757
0.844660194
0.625
0.791208791
0.841584158
0.620689655
0.797979798
0.706422018
0.87755102
0.736842105
0.918367347
0.815533981
0.85046729
0.776595745
0.810810811
0.965517241
0.743902439
0.842105263
0.757009346
0.702702703
0.67816092
0.786407767
0.65
0.770114943
0.651376147
0.642105263
0.747368421
0.480769231
0.6875
0.712962963
0.722222222
0.826923077
0.844660194
0.853658537
0.723809524
0.711711712
0.710526316
0.810810811
0.688888889
0.755319149
0.747572816
0.72972973
0.607843137
0.813953488
0.736263736
0.863636364
0.666666667
0.770114943
0.591836735
0.526315789
0.572727273
0.786516854
0.818181818
0.5625
0.87037037
0.653465347
0.769911504
0.821428571
0.609090909
0.827272727
0.672727273
0.757009346
0.821052632
0.597560976
0.796460177
0.846153846
0.796610169
0.91025641
0.791666667
0.625
0.620253165
0.726315789
0.747252747
0.579831933
0.754901961
0.813953488
0.855555556
0.806451613
0.697916667
0.76146789
0.568421053
0.602272727
0.615384615
0.843137255
0.6
0.652631579
0.777777778
0.441176471
0.922222222
0.603773585
0.657407407
0.688888889
0.852631579
0.715686275
0.785046729
0.822429907
0.813953488
0.816326531
0.926315789
0.719101124
0.773584906
0.861386139
0.892857143
0.724770642
0.673469388
0.684210526
0.752293578
0.807228916
0.663265306
0.759259259
0.831578947
0.695238095
0.761904762
0.931372549
0.777777778
0.617977528
0.84375
0.655555556
0.707070707
0.839285714
0.642105263
0.747368421
0.5375
0.78
0.76344086
0.824561404
0.681818182
0.802083333
0.817204301
0.844660194
0.685393258
0.797979798
0.636363636
0.708333333
0.746987952
0.781609195
0.771428571
0.691489362
0.886363636
0.82300885
0.776470588
0.650485437
0.64556962
0.802083333
0.781818182
0.68
0.688172043
0.88034188
0.838709677
0.813084112
0.736263736
0.777777778
0.810526316
0.752136752
0.797979798
0.865168539
0.811111111
0.736363636
0.835164835
0.737864078
0.40776699
0.794392523
0.773195876
0.767676768
0.673076923
0.605263158
0.771929825
0.75
0.839622642
0.720720721
0.66
0.660714286
0.701030928
0.824175824
0.785714286
0.761904762
0.813953488
0.530973451
0.801980198
0.551724138
0.836206897
0.697247706
0.772277228
0.666666667
0.69
0.793478261
0.867256637
0.837606838
0.56122449
0.64957265
0.752688172
0.535714286
0.846153846
0.785714286
0.679012346
0.897959184
0.736263736
0.757281553
0.81443299
0.792079208
0.759615385
0.663157895
0.537815126
0.606060606
0.677777778
0.565217391
0.755555556
0.559139785
0.745283019
0.798165138
0.6125
0.59
0.755555556
0.784090909
0.714285714
0.601851852
0.65625
0.72815534
0.752212389
0.915662651
0.843373494
0.768421053
0.930232558
0.744680851
0.862385321
0.9
0.788135593
0.81
0.847826087
0.888888889
0.828828829
0.802469136
0.8
0.848484848
0.890243902
0.956989247
0.918367347
0.846153846
0.948453608
0.87628866
0.873684211
0.860465116
0.888888889
0.922330097
0.858585859
0.782608696
0.762886598
0.919191919
0.840425532
0.640776699
0.876712329
0.893617021
0.839622642
0.75308642
0.753246753
0.885416667
0.864583333
0.916666667
0.76146789
0.93
0.85046729
0.838095238
0.826530612
0.94
0.831578947
0.898989899
0.803921569
0.857142857
0.827586207
0.921568627
0.802083333
0.923076923
0.844660194
0.907216495
0.633027523
0.898876404
0.900990099
0.806451613
0.659793814
0.701030928
0.768421053
0.82300885
0.887850467
0.886792453
0.785046729
0.893203883
0.803571429
0.875
0.878787879
0.908256881
0.87254902
0.939393939
0.91
0.793814433
0.848214286
0.831683168
0.964285714
0.779816514
0.714285714
0.8
0.721649485
0.694736842
0.647058824
0.811320755
0.8
0.757575758
0.723809524
0.884210526
0.795918367
0.775510204
0.873786408
0.854166667
0.893617021
0.851485149
0.964285714
0.789473684
0.756521739
0.898989899
0.621359223
0.778846154
0.574468085
0.715909091
0.885714286
0.818181818
0.845360825
0.814814815
0.622641509
0.64957265
0.838095238
0.862385321
0.836538462
0.754901961
0.871287129
0.8
0.571428571
0.821428571
0.74
0.731958763
0.703703704
0.745614035
0.813953488
0.877777778
0.754385965
0.798165138
0.706521739
0.870967742
0.760416667
0.826530612
0.767676768
0.86
0.794871795
0.82300885
0.841584158
0.73
0.72815534
0.747663551
0.782178218
0.847619048
0.871287129
0.828282828
0.878787879
0.873684211
0.796116505
0.825688073
0.868131868
0.625
0.946236559
0.820224719
0.710280374
0.827272727
0.714285714
0.74137931
0.910891089
0.824175824
0.844660194
0.604395604
0.861386139
0.821052632
0.910891089
0.741666667
0.63
0.686868687
0.767857143
0.722891566
0.739583333
0.876190476
0.707317073
0.642857143
0.766990291
0.516129032
0.747126437
0.821052632
0.65
0.775510204
0.738095238
0.609195402
0.733944954
0.821782178
0.692307692
0.820754717
0.782608696
0.88
0.775510204
0.774509804
0.737864078
0.846153846
0.865384615
0.829787234
0.739583333
0.659574468
0.934579439
0.873684211
0.888888889
0.663793103
0.764150943
0.707865169
0.854545455
0.802083333
0.75
0.747572816
0.768421053
0.819047619
0.711711712
0.677083333
0.857142857
0.754901961
0.888888889
0.820224719
0.879120879
0.756410256
0.873786408
0.681818182
0.735294118
0.940594059
0.628571429
0.597938144
0.643564356
0.75
0.789915966
0.697247706
0.755319149
0.672727273
0.803738318
0.79
0.756521739
0.885057471
0.770833333
0.725490196
0.81372549
0.776595745
0.789473684
0.818181818
0.767676768
0.860215054
0.895652174
0.747826087
0.81
0.8
0.776595745
0.898989899
0.786516854
0.927835052
0.842696629
0.710280374
0.887850467
0.779069767
0.695238095
0.789473684
0.744897959
0.861111111
0.775700935
0.849462366
0.829545455
0.898989899
0.831775701
0.87755102
0.778947368
0.807228916
0.8125
0.838709677
0.784
0.81372549
0.867346939
0.84
0.693181818
0.793478261
0.823529412
0.791208791
0.822222222
0.90625
0.757575758
0.892857143
0.782051282
0.769230769
0.820512821
0.65
0.788461538
0.822222222
0.529411765
0.8125
0.774647887
0.833333333
0.764150943
0.853211009
0.661157025
0.819047619
0.793103448
0.663043478
0.889908257
0.772727273
0.811881188
0.951456311
0.864197531
0.804597701
0.617021277
0.850574713
0.787878788
0.896907216
0.696629213
0.963855422
0.936170213
0.791304348
0.814814815
0.903846154
0.836734694
0.928571429
0.838095238
0.807228916
0.902439024
0.956521739
0.865384615
0.79787234
0.913978495
0.904761905
0.850574713
0.891089109
0.945945946
0.906542056
0.89010989
0.908333333
0.816091954
0.854368932
0.904255319
0.93877551
0.826530612
0.831683168
0.887755102
0.815217391
0.898148148
0.91509434
0.823529412
0.823529412
0.762886598
0.792079208
0.85106383
0.950980392
0.811881188
0.949367089
0.978494624
0.952380952
0.887755102
0.895833333
0.895833333
0.725490196
0.86
0.855769231
0.914893617
0.726495726
0.827956989
0.837209302
0.867256637
0.869565217
0.796116505
0.79047619
0.943820225
0.96039604
0.898305085
0.892857143
0.89
0.84375
0.810526316
0.892473118
0.909090909
0.919642857
0.76344086
0.902439024
0.944954128
0.801724138
0.80952381
0.791208791
0.97826087
0.795918367
0.924731183
0.872340426
0.890243902
0.927927928
0.785714286
0.927835052
0.941747573
0.907407407
0.844444444
0.834951456
0.894736842
0.892156863
0.95505618
0.684210526
0.881818182
0.816513761
0.9375
0.907216495
0.946428571
0.806818182
0.854368932
0.72173913
0.849056604
0.883928571
0.826086957
0.881188119
0.898148148
0.875
0.817204301
0.78125
0.926315789
0.892156863
0.902654867
0.912621359
0.896907216
0.947368421
0.816513761
0.705882353
0.834862385
0.782178218
0.695238095
0.846153846
0.8125
0.674698795
0.878787879
0.740740741
0.675213675
0.73255814
0.772727273
0.847222222
0.855263158
0.743589744
0.925925926
0.88172043
0.772727273
0.754901961
0.857142857
0.873786408
0.881188119
0.769230769
0.841121495
0.896907216
0.858585859
0.872340426
0.857142857
0.8125
0.804123711
0.859813084
0.848484848
0.787878788
0.842696629
0.85840708
0.819277108
0.831683168
0.803571429
0.846153846
0.821782178
0.798076923
0.872340426
0.823529412
0.878787879
0.787234043
0.85046729
0.808219178
0.854368932
0.791666667
0.81
0.844155844
0.923076923
0.8
0.923076923
0.833333333
0.8
0.843137255
0.8
0.731958763
0.89
0.768421053
0.932038835
0.905882353
0.881818182
0.86407767
0.778761062
0.913978495
0.787878788
0.91509434
0.75
0.816091954
0.795918367
0.855769231
0.777777778
0.764150943
0.755102041
0.911111111
0.85
0.847619048
0.847826087
0.845360825
0.880733945
0.852941176
0.93814433
0.598214286
0.876404494
0.73
0.89
0.962616822
0.93814433
0.925925926
0.819047619
0.923076923
0.921052632
0.905263158
0.91
0.888888889
0.846153846
0.734513274
0.928571429
0.939393939
0.924528302
0.743589744
0.868686869
0.877777778
0.87254902
0.868686869
0.906542056
0.754716981
0.777777778
0.940677966
0.925531915
0.913043478
0.904761905
0.896226415
0.91509434
0.783783784
0.923076923
0.6875
0.731481481
0.86
0.946236559
0.948979592
0.901098901
0.943820225
0.830188679
0.886956522
0.840909091
0.833333333
0.848739496
0.702380952
0.957894737
0.934579439
0.930232558
0.892473118
0.88
0.877777778
0.736363636
0.858823529
0.902912621
0.822429907
0.935185185
0.867256637
0.922222222
0.84
0.913461538
0.919191919
0.87826087
0.87755102
0.93258427
0.903614458
0.881818182
0.933333333
0.741935484
0.927835052
0.918367347
0.888888889
0.936936937
0.782608696
0.865853659
0.920792079
0.958333333
0.757894737
0.931372549
0.885714286
0.828282828
0.936842105
0.934782609
0.904255319
0.896907216
0.938461538
0.859649123
0.895238095
0.881188119
0.95959596
0.884615385
0.819148936
0.949494949
0.772727273
0.895652174
0.982142857
0.978021978
0.95959596
0.836538462
0.71
0.547169811
0.723404255
0.62
0.666666667
0.686046512
0.833333333
0.875
0.865979381
0.651685393
0.623762376
0.902912621
0.772277228
0.775510204
0.85
0.611111111
0.722222222
0.738095238
0.622222222
0.721649485
0.721153846
0.533980583
0.81372549
0.510869565
0.614035088
0.821428571
0.536082474
0.787037037
0.6
0.566666667
0.682692308
0.772727273
0.612244898
0.807228916
0.607843137
0.696078431
0.563106796
0.722222222
0.614457831
0.840909091
0.75
0.831578947
0.639175258
0.621359223
0.743362832
0.777777778
0.563218391
0.76146789
0.765306122
0.765765766
0.761904762
0.531914894
0.912621359
0.78125
0.565217391
0.666666667
0.609090909
0.732673267
0.722222222
0.75
0.703703704
0.766233766
0.872881356
0.518518519
0.783505155
0.795918367
0.405940594
0.9
0.75
0.76344086
0.882882883
0.691489362
0.659090909
0.653061224
0.714285714
0.738738739
0.535353535
0.613207547
0.684782609
0.670212766
0.720430108
0.692307692
0.655172414
0.707865169
0.505376344
0.712765957
0.610619469
0.662921348
0.633928571
0.736842105
0.548672566
0.757009346
0.723809524
0.729166667
0.724489796
0.72815534
0.766990291
0.663043478
0.747474747
0.825688073
0.747663551
0.901785714
0.905660377
0.869565217
0.824742268
0.896907216
0.742268041
0.834951456
0.961165049
0.78125
0.779069767
0.898989899
0.666666667
0.79245283
0.892473118
0.898734177
0.731182796
0.838095238
0.931372549
0.871287129
0.932038835
0.824074074
0.88372093
0.568627451
0.945454545
0.896103896
0.877358491
0.845528455
0.700934579
0.762295082
0.729411765
0.831578947
0.897435897
0.879120879
0.855769231
0.737373737
0.778846154
0.846846847
0.704081633
0.892473118
0.776595745
0.875
0.901098901
0.847619048
0.904761905
0.726315789
0.829059829
0.815533981
0.823529412
0.925233645
0.774193548
0.853448276
0.734513274
0.869158879
0.798076923
0.725663717
0.912280702
0.859813084
0.840707965
0.826923077
0.867256637
0.891089109
0.754545455
0.755102041
0.902912621
0.860215054
0.861386139
0.853932584
0.908163265
0.908163265
0.857142857
0.805825243
0.828828829
0.758241758
0.84375
0.857142857
0.845238095
0.887850467
0.784482759
0.885964912
0.81372549
0.882978723
0.697247706
0.873786408
0.688888889
0.738095238
0.839285714
0.780701754
0.912087912
0.896907216
0.80952381
0.924528302
0.808695652
0.893203883
0.717171717
0.835051546
0.828571429
0.811111111
0.827956989
0.777777778
0.818181818
0.663157895
0.754901961
0.873684211
0.716814159
0.794392523
0.82300885
0.84
0.776595745
0.610526316
0.760869565
0.684684685
0.739583333
0.765217391
0.739583333
0.627906977
0.644444444
0.68627451
0.726315789
0.733944954
0.666666667
0.734693878
0.801980198
0.869565217
0.769230769
0.840909091
0.793478261
0.868686869
0.808080808
0.815217391
0.629213483
0.737373737
0.656565657
0.72972973
0.872340426
0.915789474
0.860215054
0.727272727
0.895652174
0.863636364
0.816326531
0.787234043
0.471153846
0.625
0.846153846
0.75
0.947368421
0.755102041
0.721153846
0.754237288
0.669902913
0.73553719
0.816091954
0.709090909
0.86746988
0.802197802
0.776595745
0.765217391
0.804123711
0.818181818
0.847619048
0.863157895
0.845454545
0.92
0.79047619
0.849056604
0.838709677
0.939130435
0.935779817
0.77
0.876190476
0.723404255
0.894230769
0.670212766
0.918699187
0.810526316
0.948979592
0.809090909
0.830357143
0.867256637
0.882352941
0.559139785
0.897959184
0.807017544
0.784946237
0.839622642
0.87628866
0.725
0.811111111
0.710280374
0.869047619
0.865979381
0.873786408
0.764705882
0.835164835
0.770642202
0.87012987
0.609090909
0.911764706
0.858490566
0.829787234
0.9
0.947368421
0.889908257
0.891304348
0.875
0.830188679
0.963636364
0.846153846
0.839285714
0.75862069
0.842696629
0.87
0.754716981
0.873786408
0.833333333
0.829545455
0.858585859
0.560344828
0.869565217
0.837209302
0.766990291
0.747252747
0.87755102
0.784946237
0.783018868
0.897959184
0.757009346
0.803921569
0.698924731
0.684782609
0.897959184
0.663551402
0.660194175
0.822222222
0.893333333
0.697247706
0.712962963
0.678571429
0.784946237
0.933333333
0.902912621
0.686868687
0.804878049
0.76
0.757009346
0.86
0.808510638
0.81443299
0.779816514
0.67826087
0.795454545
0.833333333
0.745283019
0.78125
0.788235294
0.783018868
0.857142857
0.771929825
0.643564356
0.850574713
0.744897959
0.755813953
0.811881188
0.913978495
0.89
0.778846154
0.649484536
0.929411765
0.62745098
0.75
0.869565217
0.738636364
0.816326531
0.673267327
0.903614458
0.8
0.733333333
0.820224719
0.666666667
0.842592593
0.75
0.868686869
0.714285714
0.814814815
0.784313725
0.740384615
0.657407407
0.694736842
0.806451613
0.852272727
0.845360825
0.8125
0.660714286
0.731958763
0.858695652
0.765957447
0.785714286
0.609195402
0.858695652
0.733333333
0.857142857
0.880733945
0.793814433
0.802083333
0.78
0.712871287
0.859813084
0.835051546
0.853932584
0.843137255
0.766666667
0.826530612
0.659574468
0.752808989
0.851485149
0.767676768
0.825242718
0.714285714
0.606741573
0.885416667
0.846153846
0.917431193
0.722772277
0.816326531
0.885416667
0.826086957
0.769230769
0.792792793
0.795698925
0.806122449
0.9
0.890909091
0.726315789
0.863636364
0.721153846
0.841121495
0.855769231
0.745614035
0.844036697
0.678899083
0.864583333
0.736263736
0.663551402
0.842592593
0.787037037
0.846153846
0.877358491
0.898989899
0.87628866
0.836206897
0.871287129
0.861111111
0.877358491
0.887755102
0.811111111
0.961538462
0.83
0.844444444
0.90625
0.805825243
0.818181818
0.677419355
0.805084746
0.821782178
0.76635514
0.652631579
0.806451613
0.823529412
0.863157895
0.765306122
0.813186813
0.817204301
0.891304348
0.794871795
0.769230769
0.873786408
0.708737864
0.880434783
0.81372549
0.857142857
0.782178218
0.817307692
0.82300885
0.81443299
0.906976744
0.849056604
0.925531915
0.826530612
0.744444444
0.759615385
0.78
0.767676768
0.881188119
0.680412371
0.75
0.778846154
0.79047619
0.824742268
0.8203125
0.728971963
0.811111111
0.824175824
0.805309735
0.728070175
0.821052632
0.792079208
0.713043478
0.63963964
0.941176471
0.718181818
0.638888889
0.591836735
0.728070175
0.733944954
0.795918367
0.87628866
0.626506024
0.869565217
0.776785714
0.756410256
0.801886792
0.702970297
0.688679245
0.392156863
0.826530612
0.70754717
0.666666667
0.957627119
0.747474747
0.864197531
0.626262626
0.834862385
0.666666667
0.731182796
0.657657658
0.541284404
0.769230769
0.693877551
0.858585859
0.519230769
0.52
0.777777778
0.505263158
0.590909091
0.778947368
0.736363636
0.789473684
0.779069767
0.873786408
0.840425532
0.517241379
0.79047619
0.61
0.731958763
0.620689655
0.8
0.736
0.775700935
0.67
0.744680851
0.592592593
0.782608696
0.727272727
0.606382979
0.833333333
0.834951456
0.726315789
0.653846154
0.754901961
0.845360825
0.721153846
0.638297872
0.774193548
0.760683761
0.852941176
0.604166667
0.814814815
0.936842105
0.666666667
0.741573034
0.722772277
0.805309735
0.744680851
0.849462366
0.75
0.672566372
0.565217391
0.791208791
0.662921348
0.787234043
0.803738318
0.595505618
0.648351648
0.663636364
0.642105263
0.843137255
0.755555556
0.715789474
0.674418605
0.790697674
0.805825243
0.767676768
0.705882353
0.80733945
0.844660194
0.836734694
0.941747573
0.895238095
0.778846154
0.724489796
0.74
0.818181818
0.867924528
0.75
0.825688073
0.789473684
0.871559633
0.827586207
0.813084112
0.811320755
0.859813084
0.907407407
0.556701031
0.912087912
0.806122449
0.843137255
0.882352941
0.92
0.893617021
0.928571429
0.790909091
0.720430108
0.833333333
0.933333333
0.9
0.798076923
0.762295082
0.944444444
0.935779817
0.927083333
0.935483871
0.820224719
0.829787234
0.871287129
0.921052632
0.835051546
0.836363636
0.801886792
0.889908257
0.864583333
0.785714286
0.9
0.650485437
0.762376238
0.838383838
0.826923077
0.888888889
0.91954023
0.813953488
0.762886598
0.867924528
0.855670103
0.894736842
0.861386139
0.862745098
0.810526316
0.835164835
0.5625
0.815217391
0.820224719
0.72
0.819277108
0.892156863
0.908256881
0.838095238
0.844262295
0.91588785
0.824175824
0.88
0.854166667
0.878504673
0.857142857
0.883928571
0.817307692
0.90990991
0.862385321
0.9
0.767676768
0.894736842
0.969387755
0.898989899
0.939130435
0.920792079
0.87654321
0.867346939
0.837837838
0.602272727
0.862068966
0.846938776
0.787878788
0.833333333
0.8
0.854545455
0.89
0.896226415
0.704081633
0.612244898
0.792079208
0.79
0.92
0.865168539
0.813084112
0.830357143
0.837209302
0.933333333
0.873563218
0.714285714
0.79
0.849557522
0.829545455
0.739495798
0.868131868
0.833333333
0.752941176
0.865979381
0.75
0.656565657
0.798076923
0.923913043
0.808695652
0.805555556
0.804347826
0.901098901
0.827272727
0.873684211
0.862068966
0.95505618
0.804123711
0.945205479
0.714285714
0.702702703
0.822916667
0.793814433
0.781818182
0.774509804
0.67961165
0.913978495
0.616071429
0.765306122
0.630434783
0.82278481
0.879120879
0.853932584
0.804347826
0.945945946
0.644859813
0.788461538
0.798076923
0.87254902
0.697674419
0.89
0.843478261
0.895833333
0.71
0.516129032
0.816091954
0.816091954
0.684210526
0.91011236
0.755102041
0.893442623
0.9
0.889908257
0.825242718
0.970588235
0.816513761
0.836956522
0.745098039
0.925531915
0.802325581
0.918181818
0.730337079
0.84375
0.869158879
0.827160494
0.82
0.898734177
0.872093023
0.761363636
0.759493671
0.864583333
0.774193548
0.827160494
0.734693878
0.836956522
0.761904762
0.724489796
0.846846847
0.903846154
0.833333333
0.574074074
0.768518519
0.805825243
0.822916667
0.853211009
0.885057471
0.844444444
0.737704918
0.827956989
0.826530612
0.827586207
0.666666667
0.87826087
0.859813084
0.860655738
0.858585859
0.831578947
0.929292929
0.865168539
0.777777778
0.773584906
0.835164835
0.855421687
0.746987952
0.777777778
0.708661417
0.87254902
0.890909091
0.702970297
0.922330097
0.845360825
0.871287129
0.724137931
0.8
0.893617021
0.866666667
0.835051546
0.85046729
0.708737864
0.926605505
0.820224719
0.781609195
0.910714286
0.858695652
0.818181818
0.673469388
0.846153846
0.873786408
0.876106195
0.802083333
0.844444444
0.85
0.818181818
0.819277108
0.902173913
0.803738318
0.818181818
0.825581395
0.830188679
0.898989899
0.870588235
0.866666667
0.747368421
0.816326531
0.831683168
0.75
0.801886792
0.898148148
0.745283019
0.875
0.786407767
0.803738318
0.75
0.777777778
0.863636364
0.835051546
0.893617021
0.872093023
0.740384615
0.75862069
0.898876404
0.801980198
0.821052632
0.853932584
0.763636364
0.857142857
0.852272727
0.761904762
0.837209302
0.807692308
0.871287129
0.826530612
0.736842105
0.755319149
0.876190476
0.875
0.825242718
0.904761905
0.762295082
0.864583333
0.913978495
0.882352941
0.873684211
0.877358491
0.657407407