0.855555556
0.811881188
0.823529412
0.831578947
0.811881188
0.722222222
0.814814815
0.916666667
0.83
0.861702128
0.848484848
0.911764706
0.80733945
0.923076923
0.543859649
0.72173913
0.797979798
0.87
0.914893617
0.824742268
0.838383838
0.868131868
0.822916667
0.783505155
0.927083333
0.809090909
0.910891089
0.87755102
0.885416667
0.8
0.835051546
0.944954128
0.891089109
0.85
0.87962963
0.854166667
0.774509804
0.904255319
0.943925234
0.92
0.931372549
0.923913043
0.848101266
0.797979798
0.909090909
0.941860465
0.862068966
0.854545455
0.840707965
0.887640449
0.86407767
0.885714286
0.815217391
0.857142857
0.783018868
0.780952381
0.922330097
0.865979381
0.855555556
0.943396226
0.875
0.858490566
0.901960784
0.872340426
0.933962264
0.91954023
0.877777778
0.928571429
0.896907216
0.912280702
0.893203883
0.934782609
0.966292135
0.714285714
0.902173913
0.843478261
0.803738318
0.900990099
0.611111111
0.929292929
0.844827586
0.878787879
0.80952381
0.895238095
0.877358491
0.853932584
0.88372093
0.906779661
0.848739496
0.939393939
0.923076923
0.844444444
0.926315789
0.933333333
0.861386139
0.916666667
0.943820225
0.894117647
0.90625
0.918181818
0.681818182
0.948979592
0.908333333
0.847826087
0.923076923
0.831683168
0.836956522
0.824742268
0.833333333
0.902654867
0.872093023
0.780701754
0.861702128
0.83
0.919191919
0.862745098
0.880434783
0.920454545
0.902912621
0.793814433
0.861702128
0.843137255
0.766666667
0.808510638
0.882978723
0.910714286
0.871287129
0.883495146
0.935185185
0.900990099
0.881188119
0.858585859
0.898989899
0.873684211
0.936842105
0.942307692
0.927083333
0.96969697
0.987179487
0.836734694
0.880434783
0.948979592
0.898876404
0.907407407
0.947368421
0.802083333
0.989247312
0.879120879
0.948979592
0.745454545
0.8125
0.91
0.936936937
0.866666667
0.829787234
0.857142857
0.956521739
0.905882353
0.91509434
0.947368421
0.948979592
0.858585859
0.853211009
0.945945946
0.905660377
0.663366337
0.8125
0.891304348
0.871559633
0.931034483
0.898876404
0.87962963
0.921568627
0.923809524
0.861111111
0.931034483
0.947368421
0.87037037
0.836538462
0.949494949
0.921052632
0.819277108
0.913580247
0.881188119
0.875
0.900826446
0.852272727
0.783505155
0.854166667
0.853658537
0.891304348
0.875
0.914893617
0.913978495
0.869565217
0.79047619
0.927272727
0.88172043
0.924731183
0.871287129
0.895348837
0.947916667
0.916666667
0.872093023
0.837837838
0.88172043
0.544444444
0.871794872
0.75308642
0.941176471
0.782178218
0.96
0.875
0.876190476
0.868686869
0.844660194
0.759036145
0.909090909
0.617647059
0.8
0.788461538
0.803418803
0.822222222
0.927272727
0.898989899
0.88172043
0.902173913
0.764705882
0.91588785
0.900990099
0.961165049
0.883495146
0.943396226
0.888888889
0.770642202
0.722222222
0.897727273
0.7625
0.916666667
0.898148148
0.761904762
0.908163265
0.96039604
0.903225806
0.891566265
0.925925926
0.968421053
0.955357143
0.892156863
0.903225806
0.891304348
0.970873786
0.85106383
0.829545455
0.901234568
0.891304348
0.882352941
0.875
0.96875
0.892473118
0.845360825
0.894736842
0.904255319
0.938596491
0.798319328
0.900900901
0.775700935
0.943820225
0.885714286
0.916666667
0.923809524
0.963636364
0.934065934
0.911764706
0.909090909
0.892857143
0.927835052
0.855670103
0.849462366
0.720430108
0.905172414
0.67826087
0.877777778
0.793814433
0.956140351
0.933962264
0.842105263
0.887640449
0.931034483
0.826086957
0.867346939
0.929292929
0.805555556
0.84
0.912621359
0.969387755
0.94
0.84375
0.75
0.871559633
0.873786408
0.836956522
0.918367347
0.802197802
0.870967742
0.759615385
0.843137255
0.928571429
0.95959596
0.843137255
0.898876404
0.909090909
0.619047619
0.826923077
0.778947368
0.882882883
0.958762887
0.880952381
0.87962963
0.956989247
0.916666667
0.904761905
0.910891089
0.817307692
0.876190476
0.881818182
0.956521739
0.869047619
0.896551724
0.863636364
0.975609756
0.903508772
0.96039604
0.860465116
0.918032787
0.943181818
0.74
0.913043478
0.953703704
0.788990826
0.866666667
0.952941176
0.86
0.848837209
0.930693069
0.934579439
0.861702128
0.778947368
0.913043478
0.907407407
0.907216495
0.804123711
0.913978495
0.773195876
0.91
0.901098901
0.886792453
0.94047619
0.867924528
0.916666667
0.876190476
0.877777778
0.80952381
0.947368421
0.835051546
0.923076923
0.92
0.9
0.902912621
0.862385321
0.936170213
0.903846154
0.829787234
0.929292929
0.904761905
0.927710843
0.71875
0.715686275
0.6
0.451923077
0.8
0.850877193
0.844660194
0.869565217
0.829545455
0.789473684
0.826086957
0.731481481
0.898148148
0.607476636
0.836734694
0.824175824
0.623762376
0.795918367
0.854368932
0.819047619
0.717647059
0.865384615
0.732758621
0.818181818
0.75257732
0.807692308
0.919642857
0.854545455
0.8125
0.752688172
0.891304348
0.886956522
0.946808511
0.793814433
0.901098901
0.865979381
0.734693878
0.848484848
0.927710843
0.8
0.862068966
0.887755102
0.911392405
0.905982906
0.842105263
0.925233645
0.792682927
0.883928571
0.923076923
0.76
0.865979381
0.805825243
0.932038835
0.67816092
0.873684211
0.790322581
0.938596491
0.783783784
0.813084112
0.784810127
0.910714286
0.891304348
0.617977528
0.735849057
0.602150538
0.696078431
0.918367347
0.971428571
0.869565217
0.862745098
0.707317073
0.85046729
0.743589744
0.841463415
0.886956522
0.88
0.854545455
0.768421053
0.737373737
0.844827586
0.862745098
0.895652174
0.922330097
0.907407407
0.922413793
0.865979381
0.861702128
0.893617021
0.785046729
0.902173913
0.776595745
0.757894737
0.927272727
0.834951456
0.93220339
0.831578947
0.875
0.794392523
0.86407767
0.861111111
0.831578947
0.905263158
0.696629213
0.8
0.817307692
0.85046729
0.842592593
0.862385321
0.763888889
0.657142857
0.828571429
0.768518519
0.728813559
0.727272727
0.875
0.850574713
0.90625
0.866071429
0.9
0.794117647
0.859813084
0.72
0.857142857
0.76146789
0.845238095
0.913461538
0.84375
0.778947368
0.774509804
0.761363636
0.811764706
0.898148148
0.89010989
0.795918367
0.633663366
0.670454545
0.820224719
0.791666667
0.877192982
0.820512821
0.845360825
0.646464646
0.783505155
0.734042553
0.719298246
0.837209302
0.897727273
0.840425532
0.927835052
0.847058824
0.811320755
0.675675676
0.754545455
0.886363636
0.896551724
0.861111111
0.846938776
0.846153846
0.821428571
0.925925926
0.838095238
0.682926829
0.819148936
0.781609195
0.893203883
0.769230769
0.875
0.977011494
0.742574257
0.898989899
0.769230769
0.835294118
0.883495146
0.862385321
0.875
0.905882353
0.853932584
0.77
0.90990991
0.85
0.882352941
0.811881188
0.950704225
0.795698925
0.936842105
0.838383838
0.888888889
0.898989899
0.744897959
0.727272727
0.902912621
0.941176471
0.745614035
0.929292929
0.770642202
0.85
0.915789474
0.760869565
0.861386139
0.930693069
0.777777778
0.863636364
0.9
0.842592593
0.824561404
0.868421053
0.826086957
0.8
0.865853659
0.855855856
0.795918367
0.858585859
0.804123711
0.9
0.880434783
0.885416667
0.82278481
0.818181818
0.872093023
0.831775701
0.87254902
0.886178862
0.873563218
0.870967742
0.901098901
0.943820225
0.836956522
0.948051948
0.894308943
0.929411765
0.846846847
0.909090909
0.64893617
0.752808989
0.958333333
0.821428571
0.869158879
0.798165138
0.914285714
0.75
0.939655172
0.857142857
0.781609195
0.817204301
0.861702128
0.804597701
0.956140351
0.934579439
0.941176471
0.876190476
0.878787879
0.806122449
0.88172043
0.897959184
0.787610619
0.903225806
0.855670103
0.805555556
0.947916667
0.85046729
0.917647059
0.903225806
0.942857143
0.904761905
0.963302752
0.941176471
0.816326531
0.947916667
0.929411765
0.946428571
0.932692308
0.923913043
0.96875
0.922222222
0.9375
0.909090909
0.911764706
0.975
0.979381443
0.920792079
0.808219178
0.846938776
0.966666667
0.761363636
0.852631579
0.931372549
0.939393939
0.936170213
0.91509434
0.946236559
0.97979798
0.934579439
0.924731183
0.956521739
0.916666667
0.949367089
0.93877551
0.976744186
0.894117647
0.978723404
0.893203883
0.761904762
0.828571429
0.681415929
0.854368932
0.911764706
0.948275862
0.824742268
0.747826087
0.93814433
0.9375
0.814814815
0.979166667
0.967391304
0.92
0.897727273
0.865384615
0.959183673
0.930693069
0.948453608
0.876923077
0.946808511
0.903225806
0.849056604
0.884615385
0.934782609
0.949494949
0.976190476
0.945054945
0.876106195
0.8375
0.927083333
0.922077922
0.975609756
0.870967742
0.934782609
0.754901961
0.853932584
0.846846847
0.732673267
0.798076923
0.900990099
0.876190476
0.90625
0.894736842
0.727272727
0.902173913
0.803921569
0.813953488
0.795698925
0.857142857
0.91011236
0.87254902
0.740740741
0.87394958
0.895238095
0.968085106
0.95505618
0.875
0.849462366
0.844660194
0.858490566
0.81443299
0.8
0.934579439
0.736842105
0.92173913
0.960784314
0.842975207
0.883928571
0.849056604
0.792079208
0.833333333
0.9
0.854368932
0.882978723
0.930693069
0.875
0.881818182
0.796296296
0.932692308
0.75257732
0.860215054
0.959183673
0.896226415
0.731707317
0.893617021
0.79245283
0.918604651
0.820754717
0.828282828
0.947916667
0.857142857
0.918367347
0.85106383
0.930434783
0.828571429
0.608695652
0.924731183
0.724637681
0.804597701
0.852272727
0.924528302
0.84
0.813953488
0.830188679
0.882352941
0.81
0.871287129
0.873684211
0.926829268
0.931372549
0.916666667
0.817204301
0.968421053
0.9
0.872881356
0.881188119
0.928571429
0.923076923
0.857142857
0.776595745
0.745098039
0.907216495
0.877777778
0.904255319
0.864864865
0.921348315
0.888888889
0.877358491
0.932692308
0.885416667
0.833333333
0.875
0.925
0.875
0.850877193
0.907894737
0.81443299
0.853932584
0.87826087
0.914893617
0.794117647
0.91
0.675675676
0.936842105
0.871287129
0.826086957
0.934579439
0.881188119
0.871287129
0.843373494
0.87
0.760416667
0.923913043
0.835051546
0.869565217
0.883928571
0.87254902
0.848484848
0.84
0.842105263
0.948453608
0.883495146
0.893203883
0.91
0.87254902
0.93220339
0.9
0.658914729
0.872340426
0.935185185
0.924369748
0.885714286
0.861386139
0.864864865
0.9375
0.876106195
0.848214286
0.898989899
0.911764706
0.875
0.882978723
0.893617021
0.924731183
0.877192982
0.933333333
0.95
0.95049505
0.887755102
0.932692308
0.863636364
0.866666667
0.93
0.656565657
0.711111111
0.858823529
0.747252747
0.940594059
0.688073394
0.846153846
0.837837838
0.857142857
0.780952381
0.878504673
0.848484848
0.755102041
0.841121495
0.917431193
0.863157895
0.878787879
0.858490566
0.824074074
0.81
0.863157895
0.88372093
0.781818182
0.865979381
0.895238095
0.91509434
0.846153846
0.87
0.776785714
0.857142857
0.81443299
0.81443299
0.873684211
0.804878049
0.847457627
0.881578947
0.956989247
0.886597938
0.9
0.849557522
0.834862385
0.805555556
0.940594059
0.831683168
0.833333333
0.709302326
0.891089109
0.817204301
0.87628866
0.82
0.92
0.918367347
0.831578947
0.828282828
0.836538462
0.793478261
0.876404494
0.762376238
0.898989899
0.858490566
0.880952381
0.796116505
0.831578947
0.798076923
0.934579439
0.847826087
0.84
0.932692308
0.774509804
0.962616822
0.793814433
0.963636364
0.811111111
0.886597938
1
0.93
0.833333333
0.839622642
0.846153846
0.956989247
0.715789474
0.95412844
0.952380952
0.670454545
0.954022989
0.756097561
0.911504425
0.823529412
0.962264151
0.693877551
0.747572816
0.867346939
0.927272727
0.736363636
0.978021978
0.887850467
0.888888889
0.920792079
0.911504425
0.867256637
0.957446809
0.861386139
0.865384615
0.907407407
0.918918919
0.869565217
0.93814433
0.858695652
0.897727273
0.801886792
0.846938776
0.878787879
0.901098901
0.911111111
0.954545455
0.792792793
0.72
0.821428571
0.833333333
0.821428571
0.91509434
0.819444444
0.921348315
0.869047619
0.887755102
0.831168831
0.847619048
0.931034483
0.868421053
0.908163265
0.948453608
0.946808511
0.890909091
0.707865169
0.851851852
0.938596491
0.852941176
0.922330097
0.954545455
0.933333333
0.886363636
0.96
0.969387755
0.902173913
0.9375
0.946808511
0.96969697
0.921348315
0.942857143
0.950980392
0.885964912
0.909090909
0.933962264
0.954545455
0.975
0.945652174
0.945945946
0.834951456
0.853333333
0.901098901
0.919642857
0.917431193
0.913580247
0.92
0.808080808
0.900900901
0.869918699
0.890243902
0.923728814
0.813186813
0.896907216
0.943396226
0.840909091
0.94
0.860215054
0.934782609
0.875
0.884615385
0.879120879
0.860465116
0.943820225
0.89
0.88
0.863157895
0.622807018
0.644230769
0.878504673
0.75862069
0.815533981
0.808510638
0.711111111
0.574257426
0.73255814
0.848484848
0.705263158
0.72
0.846938776
0.838095238
0.923076923
0.920792079
0.783505155
0.862745098
0.903225806
0.779069767
0.787878788
0.891304348
0.826530612
0.869158879
0.888888889
0.908163265
0.805309735
0.833333333
0.891304348
0.581196581
0.759615385
0.853932584
0.882978723
0.905882353
0.845360825
0.829545455
0.834782609
0.673076923
0.886597938
0.848214286
0.823529412
0.859649123
0.806451613
0.831578947
0.834782609
0.81372549
0.906779661
0.791208791
0.8
0.771929825
0.860215054
0.911764706
0.789473684
0.747663551
0.81372549
0.847457627
0.769230769
0.723809524
0.826923077
0.852631579
0.825581395
0.855769231
0.904761905
0.892156863
0.913461538
0.927083333
0.827586207
0.843373494
0.775862069
0.834951456
0.757009346
0.896226415
0.875
0.904761905
0.836363636
0.91588785
0.885416667
0.936170213
0.895238095
0.86407767
0.912087912
0.922413793
0.86
0.907216495
0.92173913
0.966666667
0.91011236
0.813186813
0.883495146
0.896226415
0.973913043
0.807692308
0.88372093
0.977777778
0.842592593
0.942857143
0.591836735
0.942307692
0.91509434
0.931818182
0.943181818
0.522123894
0.884615385
0.854368932
0.886597938
0.929133858
0.927083333
0.93
0.846153846
0.954545455
0.933962264
0.920792079
0.921568627
0.822222222
0.804123711
0.962616822
0.934782609
0.895238095
0.871287129
0.880952381
0.943820225
0.865168539
0.861702128
0.927835052
0.923076923
0.894736842
0.936842105
0.927083333
0.979591837
0.926605505
0.817204301
0.964285714
0.880733945
0.96
0.879120879
0.947368421
0.945945946
0.904255319
0.794871795
0.95049505
0.965909091
0.9375
0.76744186
0.909090909
0.957894737
0.907563025
0.852272727
0.904761905
0.96
0.940594059
0.858585859
0.911111111
0.87
0.846938776
0.939393939
0.795698925
0.822916667
0.865168539
0.707070707
0.892473118
0.858695652
0.714285714
0.89010989
0.848484848
0.926315789
0.775700935
0.683168317
0.858490566
0.885416667
0.850877193
0.933962264
0.809090909
0.820754717
0.670103093
0.846938776
0.873684211
0.757894737
0.826923077
0.933333333
0.921568627
0.845454545
0.766666667
0.93877551
0.81443299
0.882978723
0.898305085
0.691489362
0.844444444
0.822429907
0.831460674
0.875
0.814814815
0.851851852
0.813953488
0.835051546
0.657142857
0.475728155
0.860465116
0.804347826
0.826923077
0.780952381
0.836538462
0.75
0.6875
0.872727273
0.736263736
0.836538462
0.882352941
0.882352941
0.784313725
0.898989899
0.912087912
0.841584158
0.885057471
0.554347826
0.806122449
0.787234043
0.926315789
0.936363636
0.956521739
0.736842105
0.838709677
0.811320755
0.652173913
0.871287129
0.759259259
0.795918367
0.863636364
0.842105263
0.847826087
0.663551402
0.930232558
0.588888889
0.873786408
0.752212389
0.730337079
0.807692308
0.705882353
0.844660194
0.827586207
0.8125
0.925925926
0.863636364
0.642857143
0.711864407
0.78021978
0.806122449
0.709677419
0.852941176
0.839622642
0.876190476
0.873239437
0.934579439
0.560747664
0.912621359
0.907407407
0.673684211
0.858695652
0.747572816
0.75
0.797979798
0.69047619
0.825581395
0.939655172
0.902654867
0.700934579
0.854166667
0.885245902
0.708333333
0.868686869
0.823529412
0.820512821
0.802083333
0.831578947
0.838709677
0.78313253
0.721153846
0.922330097
0.759259259
0.868421053
0.846153846
0.87628866
0.879120879
0.795698925
0.913043478
0.739130435
0.931818182
0.871559633
0.81
0.878787879
0.905263158
0.836363636
0.846153846
0.9
0.897959184
0.944954128
0.925531915
0.86407767
0.931372549
0.9
0.897727273
0.829268293
0.888888889
0.913793103
0.835164835
0.87394958
0.898876404
0.92173913
0.82
0.903846154
0.875
0.920454545
0.898876404
0.920454545
0.816091954
0.839622642
0.824175824
0.884615385
0.907216495
0.858585859
0.917431193
0.8
0.930232558
0.855769231
0.836363636
0.897959184
0.86407767
0.8875
0.891304348
0.926829268
0.786407767
0.847826087
0.858695652
0.909090909
0.866666667
0.806451613
0.859649123
0.773584906
0.855670103
0.850574713
0.89380531
0.864864865
0.926315789
0.867346939
0.946808511
0.918181818
0.557894737
0.84
0.904761905
0.927835052
0.901785714
0.722772277
0.926315789
0.861702128
0.841121495
0.854545455
0.885416667
0.881578947
0.672897196
0.943396226
0.969387755
0.922330097
0.721649485
0.889908257
0.885416667
0.820754717
0.785714286
0.888888889
0.714285714
0.82
0.843373494
0.569892473
0.754716981
0.93220339
0.79787234
0.913461538
0.905263158
0.823529412
0.942528736
0.770833333
0.884210526
0.862745098
0.86
0.94
0.838095238
0.979166667
0.871794872
0.867924528
0.789473684
0.898989899
0.982300885
0.911764706
0.87254902
0.78
0.88372093
0.962616822
0.881188119
0.892156863
0.875
0.822222222
0.929292929
0.896551724
0.87628866
0.906542056
0.840425532
0.933333333
0.722222222
0.831775701
0.719626168
0.905263158
0.863636364
0.74137931
0.745762712
0.821052632
0.890756303
0.91
0.91588785
0.8
0.866666667
0.836363636
0.798076923
0.705882353
0.905263158
0.769230769
0.884615385
0.91
0.903225806
0.849206349
0.706896552
0.911764706
0.840425532
0.716814159
0.8
0.8125
0.744680851
0.886792453
0.863636364
0.826923077
0.842592593
0.846153846
0.922222222
0.827956989
0.802197802
0.904347826
0.858585859
0.831683168
0.723404255
0.887640449
0.93
0.761363636
0.851485149
0.934782609
0.90625
0.864864865
0.833333333
0.804123711
0.918367347
0.894736842
0.707070707
0.88172043
0.913043478
0.909090909
0.872727273
0.93814433
0.898989899
0.846153846
0.900990099
0.958333333
0.868421053
0.854368932
0.91509434
0.886597938
0.836734694
0.852631579
0.840425532
0.936842105
0.849557522
0.883495146
0.896907216
0.79
0.76635514
0.807692308
0.887755102
0.925233645
0.892473118
0.848837209
0.919191919
0.682242991
0.898989899
0.859649123
0.933333333
0.808988764
0.883928571
0.889908257
0.807692308
0.803738318
0.888888889
0.888888889
0.860465116
0.897959184
0.844660194
0.87628866
0.932432432
0.88372093
0.811111111
0.899082569
0.824742268
0.913043478
0.978947368
0.953703704
0.931372549
0.876190476
0.813953488
0.792079208
0.80952381
0.880434783
0.871287129
0.824561404
0.891304348
0.925531915
0.87394958
0.90990991
0.912621359
0.908256881
0.857142857
0.87755102
0.840425532
0.927927928
0.886597938
0.947368421
0.826530612
0.817204301
0.791666667
0.777777778
0.692982456
0.712765957
0.79787234
0.844660194
0.764705882
0.958333333
0.656565657
0.743902439
0.762886598
0.784090909
0.794392523
0.686046512
0.619469027
0.829545455
0.785714286
0.74137931
0.850574713
0.730769231
0.854545455
0.807228916
0.818181818
0.730769231
0.840425532
0.841121495
0.835164835
0.766990291
0.87628866
0.87628866
0.857142857
0.654205607
0.787878788
0.677083333
0.78125
0.597826087
0.757894737
0.716981132
0.633333333
0.725
0.730769231
0.666666667
0.742268041
0.847826087
0.833333333
0.584158416
0.72
0.790697674
0.842592593
0.702380952
0.79047619
0.903225806
0.85
0.719101124
0.859813084
0.81372549
0.63
0.759036145
0.72972973
0.811965812
0.788461538
0.576470588
0.794117647
0.73
0.836956522
0.767676768
0.728971963
0.726415094
0.783505155
0.81372549
0.757281553
0.811320755
0.675925926
0.866071429
0.745283019
0.835294118
0.78125
0.72815534
0.689320388
0.8
0.848214286
0.841584158
0.70754717
0.732142857
0.865168539
0.801652893
0.817307692
0.837606838
0.942857143
0.87037037
0.813333333
0.905882353
0.775700935
0.870967742
0.778947368
0.744897959
0.923913043
0.980769231
0.615942029
0.838709677
0.86
0.930232558
0.761904762
0.736842105
0.68
0.895833333
0.883928571
0.911111111
0.843137255
0.850877193
0.76
0.79
0.916666667
0.767676768
0.839622642
0.826086957
0.93
0.914285714
0.75
0.760416667
0.898989899
0.942857143
0.786407767
0.880434783
0.842105263
0.792079208
0.857142857
0.771084337
0.933962264
0.887640449
0.834862385
0.795698925
0.802197802
0.838383838
0.857142857
0.709090909
0.933333333
0.778947368
0.73553719
0.86407767
0.769230769
0.712962963
0.747252747
0.792079208
0.840707965
0.87037037
0.8
0.78125
0.879120879
0.755319149
0.8515625
0.845238095
0.765957447
0.828282828
0.877358491
0.849462366
0.869565217
0.844660194
0.775
0.873563218
0.876190476
0.662921348
0.673913043
0.824074074
0.794117647
0.819047619
0.846846847
0.91
0.826530612
0.882882883
0.846153846
0.755555556
0.901960784
0.878787879
0.865384615
0.709302326
0.887755102
0.795454545
0.859813084
0.770642202
0.834951456
0.833333333
0.908256881
0.752212389
0.844036697
0.80952381
0.831460674
0.818181818
0.9
0.897959184
0.848214286
0.844444444
0.846846847
0.86
0.908163265
0.834862385
0.941747573
0.851851852
0.875
0.933962264
0.803921569
0.861702128
0.865384615
0.929292929
0.775510204
0.822916667
0.841121495
0.793478261
0.801801802
0.75257732
0.922222222
0.747572816
0.769230769
0.758241758
0.961904762
0.828282828
0.893203883
0.85046729
0.914529915
0.803921569
0.707865169
0.811320755
0.887755102
0.877777778
0.785714286
0.872727273
0.788235294
0.882352941
0.766990291
0.853658537
0.951456311
0.894736842
0.594827586
0.878787879
0.790697674
0.857142857
0.923913043
0.887850467
0.848484848
0.768421053
0.846846847
0.844660194
0.893617021
0.754385965
0.840425532
0.828828829
0.91954023
0.893617021
0.660194175
0.839285714
0.822429907
0.725806452
0.831578947
0.858585859
0.917525773
0.761904762
0.87037037
0.898305085
0.650943396
0.789473684
0.852941176
0.831578947
0.911111111
0.831683168
0.855263158
0.772727273
0.802197802
0.867346939
0.878787879
0.906542056
0.966386555
0.807228916
0.838095238
0.85
0.857142857
0.888888889
0.855769231
0.859813084
0.820224719
0.848214286
0.855670103
0.471153846
0.874015748
0.909090909
0.594059406
0.835164835
0.872340426
0.846153846
0.824742268
0.831683168
0.90625
0.803571429
0.910891089
0.756097561
0.714285714
1
0.879120879
0.9
0.842105263
0.802197802
0.891304348
0.747126437
0.916666667
0.770114943
0.894230769
0.955555556
0.827956989
0.904761905
0.926605505
0.85106383
0.871794872
0.927835052
0.545454545
0.853932584
0.680412371
0.798076923
0.80733945
0.87826087
0.822916667
0.830188679
0.8125
0.902912621
0.85106383
0.871287129
0.891666667
0.785714286
0.915789474
0.941176471
0.73
0.845360825
0.752688172
0.869158879
0.934579439
0.919191919
0.815789474
0.859813084
0.884210526
0.910714286
0.74796748
0.902439024
0.858490566
0.881188119
0.698795181
0.957446809
0.783783784
0.896551724
0.747252747
0.79245283
0.865546218
0.647058824
0.779069767
0.843137255
0.917525773
0.765957447
0.873015873
0.801886792
0.918181818
0.842696629
0.840707965
0.889908257
0.876190476
0.888888889
0.871287129
0.78021978
0.839506173
0.903846154
0.884615385
0.707865169
0.921568627
0.804597701
0.915789474
0.741573034
0.924731183
0.936170213
0.945454545
0.852631579
0.794392523
0.868686869
0.936170213
0.864583333
0.880733945
0.912280702
0.97826087
0.927272727
0.81443299
0.933333333
0.90625
0.831775701
0.972972973
0.797752809
0.95959596
0.937007874
0.913978495
0.925531915
0.892857143
0.922222222
0.920634921
0.896907216
0.96039604
0.908163265
0.931372549
0.936170213
0.924369748
0.833333333
0.87254902
0.913461538
0.816091954
0.946236559
0.904255319
0.931034483
0.977777778
0.965217391
0.927710843
0.963302752