0.577586207
0.45631068
0.509259259
0.789473684
0.788888889
0.723214286
0.56122449
0.431578947
0.5
0.594059406
0.685393258
0.758241758
0.752380952
0.551724138
0.669902913
0.457943925
0.386363636
0.478723404
0.702970297
0.64516129
0.469387755
0.531531532
0.7625
0.457943925
0.547169811
0.642201835
0.426086957
0.62
0.901785714
0.336538462
0.591397849
0.793814433
0.4
0.43
0.755319149
0.698275862
0.431372549
0.31
0.735849057
0.618556701
0.729411765
0.432692308
0.522727273
0.362745098
0.75
0.607843137
0.505263158
0.556818182
0.525
0.821428571
0.53
0.533980583
0.575471698
0.731481481
0.611111111
0.59
0.581632653
0.46875
0.546296296
0.59
0.463157895
0.533980583
0.525252525
0.733333333
0.607142857
0.452173913
0.44
0.382022472
0.514563107
0.316831683
0.489130435
0.810526316
0.645833333
0.454545455
0.5
0.655555556
0.404761905
0.37
0.589473684
0.553191489
0.573170732
0.539325843
0.609090909
0.591666667
0.450549451
0.408602151
0.440677966
0.625
0.410714286
0.482352941
0.563218391
0.447058824
0.316831683
0.456521739
0.344086022
0.719626168
0.547826087
0.734693878
0.508474576
0.741935484
0.82
0.596491228
0.728971963
0.762376238
0.663265306
0.635514019
0.694736842
0.696078431
0.794392523
0.706422018
0.733333333
0.674418605
0.489130435
0.74
0.833333333
0.639175258
0.806122449
0.646464646
0.5
0.772727273
0.583333333
0.764705882
0.735294118
0.566037736
0.760869565
0.813186813
0.770833333
0.37755102
0.633928571
0.762376238
0.74
0.572916667
0.545454545
0.62
0.7375
0.648351648
0.81372549
0.60483871
0.714285714
0.617647059
0.836956522
0.657657658
0.822222222
0.675
0.654867257
0.804878049
0.58
0.515789474
0.742574257
0.567010309
0.641304348
0.792682927
0.747126437
0.583333333
0.469387755
0.558823529
0.688172043
0.737864078
0.787037037
0.593406593
0.6875
0.628571429
0.8
0.726315789
0.747474747
0.773333333
0.675
0.640776699
0.526315789
0.729166667
0.669642857
0.79047619
0.645833333
0.603773585
0.611111111
0.681318681
0.655555556
0.6
0.764150943
0.60952381
0.5
0.604651163
0.563636364
0.657142857
0.505263158
0.822033898
0.766990291
0.666666667
0.717647059
0.733944954
0.601941748
0.676767677
0.61682243
0.52688172
0.47107438
0.805825243
0.795918367
0.555555556
0.75
0.767676768
0.810344828
0.452830189
0.726415094
0.515463918
0.815533981
0.537634409
0.723404255
0.633928571
0.669811321
0.527777778
0.795454545
0.633333333
0.70212766
0.758928571
0.76
0.627659574
0.635416667
0.655555556
0.709677419
0.637168142
0.760869565
0.494845361
0.669642857
0.520833333
0.70212766
0.703296703
0.505050505
0.584269663
0.554455446
0.64
0.61
0.636363636
0.544642857
0.773809524
0.605263158
0.566666667
0.711711712
0.807692308
0.436781609
0.763636364
0.445652174
0.62962963
0.663265306
0.675925926
0.443396226
0.625
0.483870968
0.709090909
0.678571429
0.588235294
0.505494505
0.739130435
0.64957265
0.76
0.601851852
0.666666667
0.538461538
0.707865169
0.684782609
0.717391304
0.43
0.614583333
0.655555556
0.421052632
0.414634146
0.611650485
0.630434783
0.39047619
0.6875
0.762886598
0.70754717
0.826086957
0.547169811
0.515151515
0.909090909
0.699029126
0.675925926
0.621848739
0.785046729
0.857142857
0.646464646
0.745098039
0.77173913
0.433962264
0.712871287
0.594059406
0.679245283
0.673267327
0.592592593
0.626373626
0.770833333
0.822916667
0.628571429
0.683673469
0.692307692
0.688172043
0.72826087
0.592592593
0.571428571
0.866666667
0.565217391
0.495495495
0.436893204
0.418032787
0.822916667
0.824561404
0.610619469
0.597938144
0.666666667
0.548387097
0.714285714
0.78125
0.590909091
0.838383838
0.921348315
0.834710744
0.781609195
0.701923077
0.819148936
0.447619048
0.369047619
0.622222222
0.744444444
0.46
0.634146341
0.811111111
0.650943396
0.779816514
0.738636364
0.854368932
0.476635514
0.628865979
0.776699029
0.558139535
0.524752475
0.384615385
0.717741935
0.785714286
0.721153846
0.808695652
0.552083333
0.621359223
0.815533981
0.819444444
0.672727273
0.623655914
0.35483871
0.585106383
0.285714286
0.525423729
0.902912621
0.419354839
0.638554217
0.388349515
0.742574257
0.504347826
0.564356436
0.530973451
0.392156863
0.775700935
0.582417582
0.546511628
0.558823529
0.327433628
0.453488372
0.440366972
0.326530612
0.490196078
0.564814815
0.554455446
0.523809524
0.469387755
0.622222222
0.375
0.422222222
0.801801802
0.622641509
0.46875
0.422222222
0.601851852
0.666666667
0.373737374
0.371428571
0.628865979
0.509433962
0.756756757
0.723809524
0.63963964
0.652173913
0.888888889
0.695652174
0.579439252
0.625
0.424242424
0.622222222
0.559633028
0.726415094
0.666666667
0.557692308
0.606060606
0.644736842
0.54
0.769230769
0.451219512
0.61
0.519607843
0.474226804
0.46875
0.511111111
0.428571429
0.568181818
0.845588235
0.841121495
0.795918367
0.673469388
0.623529412
0.571428571
0.434782609
0.672897196
0.628571429
0.898148148
0.56779661
0.602040816
0.767857143
0.615384615
0.494117647
0.54368932
0.742857143
0.657407407
0.554347826
0.801980198
0.738317757
0.666666667
0.524271845
0.545454545
0.835164835
0.699029126
0.833333333
0.635294118
0.564102564
0.701149425
0.705882353
0.702970297
0.47311828
0.591836735
0.772277228
0.454545455
0.465909091
0.636363636
0.747368421
0.388349515
0.633663366
0.610526316
0.75
0.639175258
0.489130435
0.577981651
0.56097561
0.349593496
0.308510638
0.47826087
0.360465116
0.476635514
0.625
0.460674157
0.40625
0.484210526
0.556701031
0.412371134
0.532608696
0.291262136
0.414893617
0.638297872
0.586956522
0.553398058
0.484848485
0.303571429
0.342592593
0.413043478
0.406593407
0.362903226
0.617977528
0.366972477
0.559633028
0.456521739
0.548076923
0.46875
0.369565217
0.365591398
0.451612903
0.540229885
0.435643564
0.631578947
0.555555556
0.5
0.362745098
0.369565217
0.540540541
0.76
0.268817204
0.539325843
0.572916667
0.444444444
0.646464646
0.704545455
0.396396396
0.430107527
0.387755102
0.509259259
0.302325581
0.462365591
0.608695652
0.589473684
0.520408163
0.220930233
0.566666667
0.535714286
0.479166667
0.448979592
0.548076923
0.545454545
0.311827957
0.711538462
0.45631068
0.555555556
0.637254902
0.700854701
0.482142857
0.433962264
0.414634146
0.784090909
0.604651163
0.531914894
0.431192661
0.561797753
0.3125
0.336206897
0.480769231
0.488888889
0.479166667
0.728395062
0.556603774
0.606060606
0.676767677
0.733333333
0.446428571
0.586956522
0.602040816
0.47
0.283018868
0.505050505
0.50877193
0.42
0.626262626
0.565217391
0.533980583
0.432989691
0.377358491
0.330188679
0.315789474
0.316831683
0.364583333
0.565656566
0.572727273
0.5625
0.65625
0.659574468
0.568807339
0.589285714
0.657142857
0.350877193
0.574468085
0.545454545
0.686868687
0.584269663
0.483870968
0.451612903
0.725274725
0.413793103
0.653465347
0.545454545
0.327433628
0.373913043
0.583333333
0.375
0.666666667
0.457142857
0.62745098
0.63
0.586206897
0.488372093
0.706521739
0.386363636
0.760869565
0.8
0.837209302
0.745098039
0.689655172
0.763636364
0.633928571
0.733333333
0.634615385
0.673684211
0.715686275
0.745283019
0.822429907
0.821052632
0.416666667
0.5
0.817204301
0.736842105
0.796296296
0.757009346
0.641304348
0.444444444
0.674698795
0.493975904
0.815217391
0.855421687
0.769230769
0.588235294
0.788888889
0.644859813
0.706422018
0.726315789
0.858823529
0.41
0.556603774
0.738317757
0.708737864
0.86
0.869047619
0.794117647
0.62195122
0.696078431
0.636363636
0.617647059
0.633333333
0.752941176
0.736842105
0.761061947
0.868686869
0.833333333
0.666666667
0.651685393
0.68627451
0.660714286
0.666666667
0.509259259
0.540229885
0.398305085
0.544444444
0.666666667
0.744680851
0.633663366
0.747252747
0.59
0.547368421
0.712765957
0.747572816
0.755813953
0.554347826
0.614583333
0.68
0.821138211
0.797979798
0.646464646
0.65
0.584269663
0.722772277
0.688679245
0.703296703
0.674418605
0.7875
0.666666667
0.47
0.695652174
0.714285714
0.720430108
0.559139785
0.690909091
0.651785714
0.715789474
0.719626168
0.810810811
0.582417582
0.7625
0.644230769
0.703296703
0.427184466
0.580645161
0.666666667
0.602150538
0.702970297
0.85046729
0.515789474
0.731182796
0.652173913
0.536082474
0.487179487
0.697674419
0.505747126
0.490196078
0.82
0.810810811
0.549180328
0.736842105
0.67032967
0.83
0.448598131
0.504950495
0.739583333
0.722222222
0.626373626
0.458823529
0.446601942
0.7
0.714285714
0.490566038
0.362637363
0.809090909
0.546391753
0.714285714
0.5
0.561904762
0.572649573
0.357798165
0.715517241
0.803738318
0.459183673
0.333333333
0.705263158
0.362637363
0.65
0.6875
0.761904762
0.783018868
0.639534884
0.710280374
0.8
0.794392523
0.917525773
0.574074074
0.458333333
0.688888889
0.851485149
0.77173913
0.694444444
0.594936709
0.747663551
0.811111111
0.813084112
0.768421053
0.674418605
0.731182796
0.887640449
0.411111111
0.692307692
0.831683168
0.53125
0.778846154
0.875
0.835051546
0.858585859
0.619047619
0.805825243
0.905660377
0.745098039
0.767676768
0.819148936
0.756097561
0.773195876
0.79787234
0.666666667
0.697674419
0.598039216
0.666666667
0.612903226
0.457446809
0.489130435
0.633333333
0.476635514
0.567307692
0.490909091
0.79
0.838095238
0.472527473
0.87826087
0.891089109
0.807017544
0.884615385
0.527472527
0.718446602
0.622222222
0.697247706
0.588235294
0.581196581
0.43877551
0.575471698
0.796116505
0.575471698
0.590909091
0.518867925
0.570093458
0.78
0.894736842
0.474226804
0.615384615
0.836734694
0.643478261
0.370786517
0.858585859
0.581818182
0.693877551
0.479166667
0.45045045
0.522222222
0.628318584
0.643478261
0.454545455
0.578947368
0.489130435
0.663265306
0.452830189
0.733333333
0.8
0.551724138
0.466666667
0.710280374
0.703296703
0.494252874
0.612244898
0.61682243
0.85046729
0.424242424
0.639534884
0.390909091
0.766666667
0.595959596
0.644736842
0.525773196
0.571428571
0.623655914
0.56122449
0.52688172
0.478723404
0.567010309
0.714285714
0.630952381
0.756097561
0.638297872
0.692307692
0.58490566
0.597560976
0.632183908
0.485981308
0.654205607
0.723214286
0.743119266
0.673469388
0.484536082
0.676470588
0.768
0.62962963
0.309278351
0.653061224
0.673913043
0.674418605
0.705263158
0.717948718
0.538461538
0.815533981
0.595744681
0.680851064
0.764044944
0.736363636
0.779816514
0.6375
0.797752809
0.517857143
0.28
0.603773585
0.525773196
0.561904762
0.695238095
0.65
0.553191489
0.673076923
0.345794393
0.459770115
0.510869565
0.228813559
0.431578947
0.514285714
0.443298969
0.552083333
0.429906542
0.574257426
0.420168067
0.534653465
0.582417582
0.536082474
0.660550459
0.689320388
0.451923077
0.801980198
0.390804598
0.364583333
0.590909091
0.462962963
0.540816327
0.488372093
0.590361446
0.616438356
0.558558559
0.489361702
0.692307692
0.412844037
0.608695652
0.305555556
0.528301887
0.463157895
0.591836735
0.488372093
0.490566038
0.611650485
0.614583333
0.516483516
0.524271845
0.75257732
0.663461538
0.669811321
0.516483516
0.752941176
0.846938776
0.582417582
0.705263158
0.673913043
0.884210526
0.703296703
0.8125
0.495145631
0.794117647
0.757575758
0.54
0.840909091
0.824742268
0.804123711
0.648351648
0.434343434
0.715789474
0.76146789
0.619047619
0.622222222
0.534653465
0.629213483
0.648351648
0.694736842
0.803738318
0.794871795
0.829268293
0.515151515
0.594339623
0.407079646
0.712871287
0.852631579
0.642105263
0.494845361
0.541666667
0.472727273
0.627659574
0.663366337
0.646464646
0.524752475
0.536585366
0.537634409
0.597701149
0.470588235
0.621621622
0.460784314
0.530612245
0.475247525
0.619047619
0.865979381
0.425742574
0.452380952
0.443298969
0.414893617
0.520408163
0.595505618
0.307017544
0.333333333
0.509803922
0.704347826
0.408695652
0.62601626
0.574468085
0.486486486
0.397959184
0.471698113
0.514018692
0.463157895
0.755102041
0.205882353
0.5
0.441176471
0.515463918
0.582417582
0.55
0.696969697
0.401869159
0.619565217
0.5
0.456521739
0.5
0.425531915
0.504672897
0.369565217
0.305263158
0.546391753
0.313131313
0.62244898
0.41509434
0.457627119
0.603773585
0.556701031
0.554216867
0.339622642
0.419047619
0.692307692
0.433962264
0.485981308
0.48
0.520833333
0.474226804
0.582417582
0.510869565
0.419047619
0.292929293
0.573913043
0.619565217
0.5
0.591304348
0.626506024
0.720430108
0.416666667
0.383838384
0.477777778
0.617977528
0.678899083
0.495145631
0.591836735
0.430232558
0.485148515
0.677083333
0.669565217
0.376344086
0.49122807
0.446808511
0.489583333
0.556603774
0.537037037
0.391752577
0.282352941
0.669811321
0.462365591
0.559633028
0.423913043
0.398058252
0.383838384
0.4
0.43
0.609195402
0.569767442
0.676470588
0.564814815
0.361111111
0.564356436
0.479166667
0.849056604
0.478991597
0.617977528
0.745098039
0.365591398
0.469135802
0.634408602
0.68
0.459183673
0.548387097
0.359223301
0.4375
0.76146789
0.727272727
0.356521739
0.505263158
0.49137931
0.342857143
0.433333333
0.721153846
0.461538462
0.367346939
0.421052632
0.385416667
0.467391304
0.475728155
0.510869565
0.524752475
0.471698113
0.322580645
0.713043478
0.416666667
0.36
0.534090909
0.610619469
0.425531915
0.474226804
0.577319588
0.49
0.563829787
0.551020408
0.470588235
0.581632653
0.486238532
0.421568627
0.561904762
0.39
0.545454545
0.736842105
0.52173913
0.471153846
0.476635514
0.730337079
0.547169811
0.316831683
0.666666667
0.62745098
0.597560976
0.675
0.603773585
0.509615385
0.536842105
0.446601942
0.591836735
0.628865979
0.555555556
0.715686275
0.645833333
0.483870968
0.528089888
0.696428571
0.74025974
0.761904762
0.538461538
0.389380531
0.735632184
0.480392157
0.54368932
0.34
0.607594937
0.576470588
0.628865979
0.40952381
0.5
0.578947368
0.872340426
0.537735849
0.644230769
0.625
0.747663551
0.489130435
0.425742574
0.65060241
0.757009346
0.860215054
0.511111111
0.50617284
0.505050505
0.740384615
0.708333333
0.72826087
0.727272727
0.873563218
0.641509434
0.772277228
0.837209302
0.666666667
0.585106383
0.408602151
0.678571429
0.606382979
0.818181818
0.620689655
0.511904762
0.604166667
0.634408602
0.431372549
0.565217391
0.711340206
0.620253165
0.59047619
0.783783784
0.738636364
0.629213483
0.530120482
0.457446809
0.7625
0.65
0.762886598
0.626373626
0.474747475
0.515789474
0.382978723
0.655913978
0.644444444
0.628865979
0.459459459
0.614583333
0.436893204
0.666666667
0.586956522
0.574712644
0.5
0.430107527
0.561403509
0.457446809
0.47706422
0.611111111
0.530864198
0.462264151
0.470588235
0.458823529
0.729166667
0.588785047
0.509433962
0.495049505
0.422222222
0.673076923
0.564356436
0.464285714
0.672566372
0.597560976
0.56
0.774193548
0.577319588
0.62
0.591836735
0.24742268
0.653846154
0.543103448
0.467391304
0.512396694
0.401869159
0.518518519
0.431034483
0.454545455
0.458333333
0.676190476
0.430232558
0.397959184
0.699186992
0.619565217
0.542553191
0.49382716
0.570093458
0.455445545
0.669902913
0.538461538
0.575342466
0.509615385
0.623655914
0.408602151
0.586206897
0.404255319
0.426829268
0.477272727
0.441176471
0.612068966
0.427272727
0.482758621
0.551724138
0.684210526
0.528301887
0.5
0.5625
0.504950495
0.586956522
0.41
0.336538462
0.505617978
0.6
0.451219512
0.553191489
0.417582418
0.649484536
0.485714286
0.566037736
0.568965517
0.70212766
0.666666667
0.423076923
0.544444444
0.505154639
0.49137931
0.577777778
0.522222222
0.422018349
0.365853659
0.611764706
0.54
0.574257426
0.523364486
0.485981308
0.440366972
0.520408163
0.462264151
0.734693878
0.426966292
0.601941748
0.919642857
0.53271028
0.531914894
0.48
0.410526316
0.372340426
0.683673469
0.471698113
0.582524272
0.530612245
0.484848485
0.663636364
0.620689655
0.428571429
0.627906977
0.563829787
0.587719298
0.632075472
0.413793103
0.448275862
0.604166667
0.41509434
0.504950495
0.486238532
0.525252525
0.316831683
0.430232558
0.65
0.636363636
0.59375
0.393939394
0.721518987
0.693069307
0.343434343
0.391304348
0.424528302
0.545454545
0.666666667
0.405940594
0.68
0.67816092
0.418604651
0.754237288
0.567010309
0.62244898
0.428571429
0.612244898
0.659574468
0.427184466
0.538461538
0.558823529
0.651376147
0.377777778
0.53125
0.602150538
0.613207547
0.595959596
0.509259259
0.712643678
0.606060606
0.603773585
0.5625
0.594594595
0.742574257
0.736263736
0.468085106
0.475247525
0.632478632
0.378640777
0.494505495
0.5
0.504347826
0.530120482
0.699029126
0.660550459
0.545454545
0.561904762
0.388888889
0.564356436
0.55952381
0.472727273
0.623762376
0.56043956
0.63
0.550458716
0.57
0.670103093
0.617977528
0.455445545
0.642105263
0.630952381
0.644230769
0.853658537
0.494505495
0.547826087
0.683168317
0.517241379
0.711711712
0.529411765
0.592592593
0.597938144
0.481481481
0.586538462
0.45
0.581632653
0.715517241
0.510416667
0.6
0.376470588
0.553571429
0.643564356
0.46
0.790123457
0.31372549
0.577981651
0.604651163
0.681818182
0.440860215
0.617021277
0.628865979
0.718446602
0.482142857
0.65625
0.326315789
0.69047619
0.592592593
0.789473684
0.821782178
0.805309735
0.650485437
0.391666667
0.595959596
0.576923077
0.669642857
0.698113208
0.825581395
0.719101124
0.684684685
0.494252874
0.509090909
0.852173913
0.552941176
0.822222222
0.528735632
0.662790698
0.770833333
0.673267327
0.747368421
0.759259259
0.591397849
0.730337079
0.557692308
0.584158416
0.759493671
0.776595745
0.715909091
0.46728972
0.528301887
0.578431373
0.60952381
0.495798319
0.412371134
0.645454545
0.709302326
0.489795918
0.642105263
0.720720721
0.451612903
0.673469388
0.541666667
0.712765957
0.420454545
0.244444444
0.584269663
0.805555556
0.488888889
0.455445545
0.767676768
0.586206897
0.523364486
0.52173913
0.660550459
0.719298246
0.755102041
0.466019417
0.688679245
0.757894737
0.527777778
0.473684211
0.60952381
0.64516129
0.512195122
0.6
0.469387755
0.489795918
0.597938144
0.571428571
0.684210526
0.716049383
0.609195402
0.430107527
0.656
0.544554455
0.419354839
0.805555556
0.826923077
0.675
0.6875
0.596153846
0.585585586
0.669724771
0.378378378
0.6
0.588235294
0.6875
0.633663366
0.544554455
0.644444444
0.7
0.611764706
0.828282828
0.719512195
0.511904762
0.641509434
0.680412371
0.62037037
0.571428571
0.695238095
0.597402597
0.516483516
0.638297872
0.681318681
0.721518987
0.568627451
0.71
0.688172043
0.617647059
0.722222222
0.656565657
0.702479339
0.391752577
0.593406593
0.659090909
0.598214286
0.682242991
0.772727273
0.58490566
0.666666667
0.731958763
0.649484536
0.79047619
0.666666667
0.52173913
0.58490566
0.422222222
0.318681319
0.292682927
0.39047619
0.336734694
0.434343434
0.778761062
0.393258427
0.382352941
0.369565217
0.490384615
0.604166667
0.38
0.585585586
0.648148148
0.531914894
0.484210526
0.560344828
0.481818182
0.345238095
0.516393443
0.558558559
0.55
0.488636364
0.434782609
0.371134021
0.571428571
0.847826087
0.389473684
0.528301887
0.459183673
0.387096774
0.561538462
0.818181818
0.555555556
0.6
0.371900826
0.625
0.774193548
0.6
0.655555556
0.432692308
0.510638298
0.384615385
0.422018349
0.536363636
0.494505495
0.481132075
0.68
0.581632653
0.357894737
0.419047619
0.576923077
0.593406593
0.75
0.5
0.521276596
0.542056075
0.5
0.455357143
0.544444444
0.524271845
0.712962963
0.64893617
0.651685393
0.612244898
0.456140351
0.674698795
0.595959596
0.528846154
0.67768595
0.543859649
0.431372549
0.677083333
0.44
0.857142857
0.586956522
0.623762376
0.574468085
0.459770115
0.680412371
0.663265306
0.341463415
0.727272727
0.474226804
0.647058824
0.621052632
0.556818182
0.785714286
0.515463918
0.544642857
0.567010309
0.559322034
0.619047619
0.505747126
0.544444444
0.691489362
0.62037037
0.695238095
0.555555556
0.797468354
0.484210526
0.85
0.474226804
0.544554455
0.424778761
0.430107527
0.485436893
0.7
0.421568627
0.537735849
0.470588235
0.584158416
0.616161616
0.660194175
0.504950495
0.58490566
0.491071429
0.634615385
0.588785047
0.508474576
0.535353535
0.67961165
0.58
0.846846847
0.418439716
0.59047619
0.489130435
0.75
0.663636364
0.651685393
0.760416667
0.481927711
0.740384615
0.666666667
0.698924731
0.612244898
0.741071429
0.5
0.578947368
0.685714286
0.568627451
0.717391304
0.728971963
0.555555556
0.613861386
0.5
0.586206897
0.336538462
0.669811321
0.638888889
0.495145631
0.60952381
0.602040816
0.596330275
0.433333333
0.681034483
0.395348837
0.677777778
0.648648649
0.676190476
0.582278481
0.61682243
0.627659574
0.558823529
0.596491228
0.525252525
0.440860215
0.528301887
0.549019608
0.779069767
0.676767677
0.734693878
0.647058824
0.804123711
0.591397849
0.623655914
0.786407767
0.636363636
0.641025641
0.709302326
0.694736842
0.669565217
0.421052632
0.294117647
0.705882353
0.579545455
0.571428571
0.684210526
0.538461538
0.704761905
0.565656566
0.820754717
0.775700935
0.434343434
0.653465347
0.594594595
0.716981132
0.660714286
0.670212766
0.558333333
0.673267327
0.714285714
0.576470588
0.721153846
0.747474747
0.738317757
0.866666667
0.755319149
0.704081633
0.787878788
0.734177215
0.714285714
0.638888889
0.796116505
0.76744186
0.504761905
0.720430108
0.546296296
0.612244898
0.636363636
0.758241758
0.479166667
0.787234043
0.659574468
0.652892562
0.666666667
0.684684685
0.525252525
0.675675676
0.67032967
0.826086957
0.436781609
0.617977528
0.658119658
0.5625
0.839622642
0.654867257
0.659793814
0.715686275
0.657142857
0.611650485
0.711340206
0.704545455
0.785714286
0.689320388
0.65625
0.651785714
0.647619048
0.786407767
0.8125
0.588235294
0.572727273
0.58
0.775700935
0.8
0.489583333
0.730769231
0.839622642
0.855670103
0.577777778
0.607142857
0.793478261
0.820224719
0.663043478
0.645833333
0.851485149
0.575757576
0.64556962
0.709302326
0.85106383
0.822580645
0.747663551
0.706422018
0.813186813
0.81372549
0.836734694
0.696969697
0.858585859
0.693181818
0.615384615
0.775510204
0.804123711
0.754901961
0.85
0.700934579
0.361111111
0.704
0.693069307
0.688172043
0.865168539
0.81443299
0.575757576
0.653061224
0.747368421
0.632653061
0.775
0.711340206
0.735849057
0.478723404
0.680851064
0.414893617
0.552941176
0.6375
0.614035088
0.796116505
0.479591837
0.567010309
0.6
0.680851064
0.653465347
0.598039216
0.469879518
0.631067961
0.53271028
0.686868687
0.52173913
0.7
0.663265306
0.444444444
0.588235294
0.457142857
0.65625
0.441441441
0.522522523
0.482758621
0.595959596
0.614583333
0.528735632
0.64893617
0.597701149
0.537037037
0.584269663
0.303370787
0.57
0.648351648
0.575471698
0.639175258
0.510204082
0.685185185
0.649484536
0.525773196
0.611111111
0.448818898
0.62745098
0.666666667
0.388235294
0.704347826
0.582608696
0.663157895
0.515789474
0.515789474
0.37037037
0.601769912
0.588235294
0.566037736
0.426086957
0.515789474
0.464285714
0.619469027
0.56122449
0.682692308
0.573033708
0.560747664
0.489130435
0.514563107
0.633333333
0.452380952
0.404761905
0.469135802
0.536842105
0.637254902
0.758241758
0.489583333
0.618556701
0.45
0.584269663
0.536842105
0.504761905
0.621848739
0.704081633
0.533333333
0.605769231
0.614678899
0.448
0.585858586
0.602150538
0.535714286
0.59375
0.631578947
0.485714286
0.711111111
0.466666667
0.662790698
0.611650485
0.788888889
0.807692308
0.734513274
0.539325843
0.635514019
0.616161616
0.625
0.68
0.494736842
0.656565657
0.835051546
0.542553191
0.618556701
0.557692308
0.844444444
0.674698795
0.801980198
0.745614035
0.714285714
0.451219512
0.724489796
0.609195402
0.704347826
0.705882353
0.673684211
0.768421053
0.689655172
0.808080808
0.721153846
0.808510638
0.703296703
0.788990826
0.787878788