0.817204301
0.828282828
0.692307692
0.811320755
0.659793814
0.761904762
0.72
0.65625
0.561403509
0.836734694
0.666666667
0.724137931
0.857142857
0.902912621
0.638554217
0.737864078
0.680672269
0.747572816
0.81372549
0.530612245
0.731707317
0.8
0.74
0.594339623
0.650485437
0.677419355
0.941747573
0.89
0.789473684
0.953271028
0.859813084
0.822580645
0.839285714
0.85046729
0.895833333
0.907407407
0.882978723
0.806451613
0.886597938
0.875
0.853211009
0.829787234
0.866666667
0.915254237
0.864583333
0.878787879
0.895238095
0.891089109
0.858823529
0.923076923
0.858490566
0.920792079
0.821428571
0.879120879
0.821052632
0.925531915
0.868131868
0.758241758
0.763636364
0.794392523
0.744186047
0.674157303
0.715447154
0.777777778
0.795918367
0.784313725
0.838383838
0.660194175
0.706896552
0.71875
0.569892473
0.721649485
0.777777778
0.835294118
0.76
0.770642202
0.803571429
0.677083333
0.783505155
0.897727273
0.636363636
0.861111111
0.730769231
0.761904762
0.636363636
0.754716981
0.795698925
0.682692308
0.578431373
0.9
0.74
0.723809524
0.819047619
0.640449438
0.769911504
0.74
0.711340206
0.695652174
0.839285714
0.85
0.802083333
0.804347826
0.773584906
0.810810811
0.822916667
0.773195876
0.827956989
0.784313725
0.757894737
0.760416667
0.648648649
0.819047619
0.727272727
0.769230769
0.715909091
0.786516854
0.715686275
0.778846154
0.692982456
0.733944954
0.858490566
0.775280899
0.838383838
0.863157895
0.738317757
0.617021277
0.693877551
0.788461538
0.764705882
0.844444444
0.734042553
0.875
0.822222222
0.797979798
0.622641509
0.772277228
0.779069767
0.702970297
0.700934579
0.784946237
0.802325581
0.598484848
0.611111111
0.710526316
0.804123711
0.721153846
0.644628099
0.659340659
0.798165138
0.582608696
0.844660194
0.679012346
0.628865979
0.733944954
0.744186047
0.81443299
0.90990991
0.743119266
0.729166667
0.852631579
0.688888889
0.630952381
0.887755102
0.766990291
0.755555556
0.815217391
0.8
0.877777778
0.85840708
0.745283019
0.783505155
0.764044944
0.8
0.619565217
0.817204301
0.821428571
0.811111111
0.857142857
0.896226415
0.833333333
0.782608696
0.927083333
0.806122449
0.817204301
0.733333333
0.752941176
0.752475248
0.791208791
0.592592593
0.809090909
0.858490566
0.613636364
0.8
0.826923077
0.780952381
0.819148936
0.775700935
0.722222222
0.855555556
0.666666667
0.82
0.777777778
0.737864078
0.803571429
0.714285714
0.731481481
0.819148936
0.770114943
0.803921569
0.872727273
0.784946237
0.739583333
0.818181818
0.725490196
0.742574257
0.781818182
0.740384615
0.909090909
0.523255814
0.859813084
0.869158879
0.655172414
0.873417722
0.760869565
0.795918367
0.880952381
0.8
0.829787234
0.663366337
0.822222222
0.734939759
0.794117647
0.788888889
0.78
0.587628866
0.670731707
0.836363636
0.722891566
0.74
0.839622642
0.737373737
0.777777778
0.866666667
0.838383838
0.6875
0.733333333
0.621052632
0.731958763
0.791666667
0.838095238
0.666666667
0.733333333
0.697247706
0.793814433
0.886363636
0.741071429
0.790697674
0.731182796
0.791208791
0.708737864
0.80952381
0.760869565
0.791666667
0.806451613
0.71559633
0.726190476
0.841463415
0.881818182
0.788888889
0.861702128
0.688888889
0.674418605
0.775280899
0.770833333
0.622641509
0.655172414
0.555555556
0.742857143
0.692307692
0.76744186
0.654867257
0.801724138
0.760683761
0.8125
0.776595745
0.705882353
0.814814815
0.803921569
0.863636364
0.885714286
0.861702128
0.777777778
0.825242718
0.792079208
0.828571429
0.865384615
0.723404255
0.698924731
0.806122449
0.724409449
0.836956522
0.762886598
0.808510638
0.827272727
0.805309735
0.81147541
0.824324324
0.840909091
0.882978723
0.811320755
0.757281553
0.852941176
0.897196262
0.763636364
0.712871287
0.806122449
0.758241758
0.77
0.852631579
0.760869565
0.836734694
0.783505155
0.8
0.629213483
0.86
0.692307692
0.644859813
0.706521739
0.762376238
0.757894737
0.759259259
0.774509804
0.733333333
0.739130435
0.747126437
0.835051546
0.621359223
0.736842105
0.684210526
0.823529412
0.591397849
0.772151899
0.851851852
0.796460177
0.765957447
0.743362832
0.801980198
0.666666667
0.706521739
0.8
0.808510638
0.873684211
0.705263158
0.632183908
0.588888889
0.693877551
0.594059406
0.87037037
0.803921569
0.815789474
0.764705882
0.742857143
0.747252747
0.764705882
0.855855856
0.75
0.621359223
0.775
0.803738318
0.572815534
0.645833333
0.775510204
0.843137255
0.869565217
0.922330097
0.37254902
0.654545455
0.67826087
0.792207792
0.741071429
0.693069307
0.784313725
0.847619048
0.696969697
0.80952381
0.752941176
0.884615385
0.916666667
0.548672566
0.766990291
0.8
0.876190476
0.795698925
0.76744186
0.819277108
0.845238095
0.676767677
0.580952381
0.769230769
0.725274725
0.818181818
0.69
0.670212766
0.873684211
0.571428571
0.739583333
0.795918367
0.821052632
0.827160494
0.83
0.796116505
0.860215054
0.75
0.797752809
0.866666667
0.859649123
0.736842105
0.826086957
0.844036697
0.773195876
0.897196262
0.913043478
0.802083333
0.873684211
0.852631579
0.704761905
0.9
0.737864078
0.825688073
0.637795276
0.625
0.847826087
0.693877551
0.693069307
0.762886598
0.626373626
0.675438596
0.610526316
0.564705882
0.670212766
0.669902913
0.543209877
0.645833333
0.737864078
0.702970297
0.75
0.737864078
0.804123711
0.618556701
0.693181818
0.677777778
0.727272727
0.742857143
0.743902439
0.666666667
0.75
0.72826087
0.648648649
0.804878049
0.7
0.727272727
0.666666667
0.866666667
0.902912621
0.814814815
0.846153846
0.84
0.783505155
0.842105263
0.826086957
0.900990099
0.852631579
0.765217391
0.752808989
0.904255319
0.8
0.851485149
0.80952381
0.87962963
0.81372549
0.672727273
0.757575758
0.921348315
0.717171717
0.824074074
0.833333333
0.686868687
0.903846154
0.722772277
0.808695652
0.8
0.72815534
0.73255814
0.848837209
0.421052632
0.79047619
0.882352941
0.769230769
0.805555556
0.840909091
0.803418803
0.805825243
0.820224719
0.782178218
0.841121495
0.60952381
0.84375
0.855421687
0.829787234
0.72826087
0.730337079
0.891566265
0.846153846
0.847619048
0.772727273
0.860215054
0.816326531
0.909090909
0.738738739
0.728813559
0.67032967
0.829545455
0.830357143
0.852941176
0.735294118
0.806122449
0.793103448
0.87254902
0.787037037
0.745454545
0.77
0.877777778
0.829787234
0.875
0.676767677
0.858695652
0.842105263
0.765306122
0.898989899
0.792792793
0.918032787
0.791666667
0.958333333
0.787234043
0.808080808
0.87628866
0.75
0.855769231
0.7625
0.75
0.880733945
0.902912621
0.821428571
0.804347826
0.927835052
0.910891089
0.854166667
0.831683168
0.8
0.852631579
0.782178218
0.908045977
0.921348315
0.95
0.757894737
0.77
0.839285714
0.85
0.78125
0.90625
0.705263158
0.727272727
0.82300885
0.75257732
0.894736842
0.873873874
0.855769231
0.898876404
0.787878788
0.875
0.952380952
0.881578947
0.652173913
0.71
0.762886598
0.609756098
0.602040816
0.777777778
0.773195876
0.852941176
0.803149606
0.901785714
0.694214876
0.862385321
0.903225806
0.75
0.88172043
0.379310345
0.821428571
0.828282828
0.792079208
0.886363636
0.767676768
0.752808989
0.844036697
0.872340426
0.708333333
0.897727273
0.719626168
0.824742268
0.846153846
0.669902913
0.879120879
0.844444444
0.74
0.815533981
0.824175824
0.927927928
0.707865169
0.891891892
0.831578947
0.784090909
0.740740741
0.888888889
0.704545455
0.8
0.728395062
0.765306122
0.805825243
0.622222222
0.902173913
0.87755102
0.855769231
0.715686275
0.602040816
0.834710744
0.778947368
0.772727273
0.796296296
0.904255319
0.842696629
0.805825243
0.838095238
0.791208791
0.732673267
0.785046729
0.783505155
0.837209302
0.846938776
0.810126582
0.808080808
0.865168539
0.795698925
0.836363636
0.825581395
0.723684211
0.792792793
0.862385321
0.912621359
0.80952381
0.715909091
0.820512821
0.727272727
0.734042553
0.811320755
0.681818182
0.858585859
0.643564356
0.696969697
0.849557522
0.787878788
0.755102041
0.723214286
0.782051282
0.803571429
0.810810811
0.877192982
0.737288136
0.78021978
0.776785714
0.833333333
0.832061069
0.707865169
0.745098039
0.835164835
0.791666667
0.580357143
0.820754717
0.824742268
0.736363636
0.524752475
0.853211009
0.809917355
0.733333333
0.666666667
0.804123711
0.793478261
0.741176471
0.791666667
0.71875
0.612244898
0.857142857
0.735632184
0.732673267
0.897727273
0.685393258
0.777777778
0.86
0.711111111
0.858490566
0.808080808
0.804123711
0.733944954
0.857142857
0.824175824
0.76
0.85
0.741573034
0.785714286
0.784946237
0.681415929
0.798165138
0.865384615
0.770833333
0.696969697
0.704081633
0.737864078
0.55952381
0.733333333
0.880434783
0.76744186
0.814814815
0.828571429
0.870588235
0.914634146
0.8
0.817307692
0.847619048
0.868686869
0.74
0.884210526
0.96460177
0.702702703
0.931818182
0.613861386
0.920792079
0.774774775
0.783505155
0.929411765
0.838383838
0.867924528
0.83908046
0.862385321
0.784946237
0.86407767
0.847826087
0.878787879
0.893203883
0.94047619
0.81981982
0.85
0.795180723
0.854166667
0.882978723
0.791208791
0.8
0.946236559
0.840909091
0.834862385
0.946428571
0.967391304
0.866071429
0.833333333
0.777777778
0.886597938
0.833333333
0.747572816
0.811881188
0.833333333
0.895238095
0.803921569
0.878378378
0.902912621
0.862068966
0.893617021
0.888888889
0.91588785
0.847619048
0.87962963
0.869158879
0.920792079
0.855769231
0.785714286
0.82
0.802197802
0.655462185
0.728971963
0.771428571
0.84375
0.739130435
0.797752809
0.866071429
0.8
0.828282828
0.7
0.780487805
0.802083333
0.838095238
0.865168539
0.820224719
0.759615385
0.793814433
0.827868852
0.597701149
0.873684211
0.686956522
0.853658537
0.780487805
0.697368421
0.816091954
0.813084112
0.8
0.697916667
0.848214286
0.818181818
0.568181818
0.831683168
0.8125
0.768518519
0.82
0.714285714
0.742574257
0.769230769
0.612244898
0.826923077
0.81372549
0.602272727
0.78
0.873684211
0.679012346
0.8
0.85
0.65
0.851485149
0.731958763
0.817204301
0.740740741
0.617647059
0.744897959
0.732673267
0.587628866
0.772727273
0.790909091
0.725663717
0.657142857
0.711340206
0.826530612
0.780952381
0.778761062
0.81
0.747826087
0.804347826
0.830188679
0.781818182
0.891089109
0.788461538
0.820754717
0.742268041
0.765306122
0.865384615
0.640776699
0.7
0.730337079
0.781609195
0.881188119
0.864583333
0.823529412
0.846846847
0.833333333
0.83908046
0.865979381
0.842105263
0.598039216
0.919117647
0.9375
0.928571429
0.840707965
0.828828829
0.83908046
0.815217391
0.858585859
0.752688172
0.838095238
0.84
0.740384615
0.676767677
0.831168831
0.880434783
0.79787234
0.827956989
0.772277228
0.843478261
0.861702128
0.754545455
0.93
0.815533981
0.736263736
0.811320755
0.903846154
0.84375
0.930232558
0.752941176
0.835051546
0.840909091
0.77173913
0.804123711
0.912621359
0.738636364
0.911764706
0.8
0.880434783
0.851485149
0.806451613
0.839285714
0.847058824
0.903225806
0.84
0.810810811
0.786885246
0.880733945
0.87037037
0.88172043
0.857142857
0.808333333
0.810344828
0.911764706
0.768518519
0.885057471
0.91588785
0.857142857
0.854700855
0.822222222
0.5
0.841121495
0.919642857
0.88034188
0.757009346
0.84
0.878787879
0.775862069
0.820512821
0.806122449
0.894230769
0.852941176
0.919191919
0.894736842
0.871559633
0.905263158
0.835164835
0.912621359
0.71
0.831325301
0.803921569
0.76344086
0.925531915
0.91011236
0.815217391
0.914893617
0.884955752
0.853658537
0.911111111
0.93814433
0.8
0.87628866
0.82300885
0.783018868
0.854368932
0.76635514
0.877777778
0.801724138
0.690721649
0.676767677
0.785714286
0.77
0.650943396
0.511363636
0.743362832
0.622641509
0.720720721
0.704081633
0.742857143
0.575
0.803921569
0.8125
0.842105263
0.693693694
0.723214286
0.833333333
0.696078431
0.772727273
0.712643678
0.85046729
0.798245614
0.696629213
0.701923077
0.684684685
0.805825243
0.6
0.81
0.662790698
0.719101124
0.868131868
0.888888889
0.801886792
0.797468354
0.752688172
0.782608696
0.727272727
0.702380952
0.693877551
0.880434783
0.716981132
0.740740741
0.744897959
0.733333333
0.584158416
0.714285714
0.801801802
0.767676768
0.641025641
0.675675676
0.804597701
0.666666667
0.714285714
0.721649485
0.81147541
0.685393258
0.747747748
0.652631579
0.782608696
0.645833333
0.680412371
0.666666667
0.747252747
0.638554217
0.680851064
0.692307692
0.793814433
0.888888889
0.82
0.75
0.788888889
0.805194805
0.738317757
0.715686275
0.65
0.662921348
0.721153846
0.628865979
0.57
0.613861386
0.823529412
0.757575758
0.717171717
0.601941748
0.682242991
0.79047619
0.726315789
0.663461538
0.663461538
0.754716981
0.673684211
0.761904762
0.828282828
0.833333333
0.736263736
0.761061947
0.86407767
0.826086957
0.835164835
0.815533981
0.858823529
0.932692308
0.737373737
0.788888889
0.925531915
0.818181818
0.787878788
0.78021978
0.781609195
0.846938776
0.828828829
0.711340206
0.95049505
0.734042553
0.745098039
0.734042553
0.723404255
0.872727273
0.772727273
0.626262626
0.682926829
0.857142857
0.870588235
0.824561404
0.772151899
0.730769231
0.854166667
0.790909091
0.891891892
0.683168317
0.481132075
0.762886598
0.834862385
0.759615385
0.685185185
0.673267327
0.869565217
0.754716981
0.904761905
0.784313725
0.845454545
0.736363636
0.783018868
0.966292135
0.580952381
0.658536585
0.745454545
0.898876404
0.809090909
0.689655172
0.863636364
0.860215054
0.855932203
0.836538462
0.782608696
0.739130435
0.724137931
0.576470588
0.695652174
0.598039216
0.724770642
0.83908046
0.571428571
0.819148936
0.675
0.906542056
0.819148936
0.642857143
0.831578947
0.844660194
0.735632184
0.754237288
0.803738318
0.806451613
0.8
0.773195876
0.637254902
0.79787234
0.918918919
0.76146789
0.83908046
0.625
0.734693878
0.827586207
0.843137255
0.857142857
0.847619048
0.844036697
0.933333333
0.475247525
0.825688073
0.834951456
0.895833333
0.882352941
0.781818182
0.75
0.747572816
0.765306122
0.787878788
0.815217391
0.519607843
0.727272727
0.686868687
0.794117647
0.882352941
0.651376147
0.767857143
0.787037037
0.784313725
0.747663551
0.808080808
0.902912621
0.76056338
0.791208791
0.745098039
0.846153846
0.666666667
0.868686869
0.726415094
0.924528302
0.752808989
0.738738739
0.542857143
0.741176471
0.788461538
0.901098901
0.859504132
0.841584158
0.587301587
0.806451613
0.885416667
0.839622642
0.576271186
0.716981132
0.649350649
0.807017544
0.719101124
0.764150943
0.682692308
0.721153846
0.598039216
0.860465116
0.841584158
0.849056604
0.631578947
0.659340659
0.882352941
0.808510638
0.781818182
0.792079208
0.843478261
0.75
0.846153846
0.882352941
0.835164835
0.703703704
0.781512605
0.693181818
0.71
0.9
0.8
0.838383838
0.762376238
0.788990826
0.70754717
0.81372549
0.740740741
0.839285714
0.843373494
0.794392523
0.849462366
0.577319588
0.848837209
0.738317757
0.559139785
0.801980198
0.932038835
0.775510204
0.865979381
0.828571429
0.752380952
0.87037037
0.857142857
0.771428571
0.843137255
0.848484848
0.921348315
0.804597701
0.70754717
0.784090909
0.74
0.934065934
0.631578947
0.785714286
0.697674419
0.848484848
0.857142857
0.77173913
0.779220779
0.875
0.913043478
0.898876404
0.784482759
0.811320755
0.787234043
0.84
0.813186813
0.71
0.681318681
0.867346939
0.836734694
0.820512821
0.730337079
0.831325301
0.788990826
0.793478261
0.895833333
0.663366337
0.791304348
0.716666667
0.863157895
0.89380531
0.787610619
0.798165138
0.77173913
0.892857143
0.886956522
0.8125
0.647058824
0.839285714
0.857142857
0.836206897
0.900990099
0.815533981
0.870967742
0.79
0.819148936
0.811320755
0.855263158
0.852272727
0.857142857
0.731958763
0.895238095
0.898148148
0.630630631
0.813953488
0.827956989
0.813084112
0.831578947
0.617977528
0.736842105
0.675925926
0.860215054
0.75
0.84
0.655913978
0.911111111
0.829787234
0.77
0.893203883
0.821782178
0.875
0.849462366
0.863157895
0.732673267
0.898148148
0.75257732
0.621052632
0.642857143
0.834951456
0.672897196
0.705128205
0.765432099
0.83
0.74
0.8
0.55
0.794392523
0.814814815
0.81443299
0.852631579
0.681318681
0.75
0.757894737
0.75
0.735632184
0.716981132
0.738636364
0.720430108
0.875
0.846846847
0.88172043
0.738636364
0.845360825
0.706666667
0.760869565
0.855421687
0.873417722
0.858585859
0.820754717
0.759615385
0.785714286
0.787234043
0.669902913
0.759259259
0.80733945
0.803921569
0.728971963
0.786407767
0.819148936
0.722222222
0.902654867
0.738738739
0.865168539
0.87
0.505154639
0.770833333
0.715909091
0.764150943
0.787610619
0.676470588
0.860465116
0.766990291
0.680851064
0.724489796
0.652173913
0.693877551
0.554216867
0.839622642
0.659574468
0.643678161
0.813186813
0.762376238
0.778761062
0.757894737
0.651785714
0.64893617
0.789473684
0.75
0.826530612
0.766666667
0.806122449
0.75
0.547619048
0.84375
0.778947368
0.796296296
0.756521739
0.828282828
0.669902913
0.677419355
0.754385965
0.726415094
0.773195876
0.684782609
0.703703704
0.627906977
0.659340659
0.80733945
0.707964602
0.683168317
0.827868852
0.868421053
0.733333333
0.676767677
0.626168224
0.896907216
0.754545455
0.708737864
0.743119266
0.736363636
0.742268041
0.78125
0.798076923
0.801886792
0.586538462
0.79
0.734042553
0.792079208
0.673267327
0.796116505
0.673076923
0.68627451
0.796116505
0.782608696
0.567307692
0.659793814
0.793103448
0.682352941
0.805825243
0.75
0.698113208
0.775700935
0.833333333
0.745283019
0.836956522
0.754901961
0.80952381
0.851851852
0.758241758
0.75862069
0.65060241
0.781609195
0.716981132
0.655172414
0.901960784
0.858490566
0.892473118
0.673469388
0.853658537
0.640449438
0.815533981
0.712643678
0.759615385
0.777777778
0.695238095
0.785714286
0.752688172
0.772727273
0.666666667
0.672897196
0.776785714
0.670103093
0.757575758
0.730769231
0.760869565
0.584158416
0.732673267
0.794117647
0.744897959
0.666666667
0.525773196
0.890243902
0.759615385
0.765306122
0.757894737
0.584745763
0.718309859
0.592592593
0.634615385
0.871559633
0.52173913
0.625
0.634615385
0.775510204
0.604166667
0.715789474
0.738636364
0.627659574
0.674418605
0.804123711
0.739583333
0.630434783
0.406593407
0.777777778
0.752808989
0.802325581
0.733944954
0.766233766
0.747474747
0.854700855
0.69
0.75
0.773584906
0.770833333
0.642857143
0.746835443
0.775280899
0.75862069
0.77
0.735294118
0.663043478
0.663551402
0.693877551
0.666666667
0.752380952
0.767676768
0.727272727
0.831325301
0.616161616
0.740384615
0.721518987
0.845454545
0.772277228
0.911111111
0.898148148
0.773195876
0.754901961
0.83908046
0.820224719
0.733333333
0.826530612
0.591397849
0.835294118
0.680851064
0.861386139
0.731958763
0.848837209
0.902912621
0.791208791
0.836734694
0.550458716
0.640449438
0.653465347
0.736842105
0.656862745
0.755319149
0.548076923
0.894736842
0.782178218
0.821782178
0.811320755
0.769230769
0.853932584
0.837209302
0.676190476
0.820754717
0.752380952
0.831578947
0.854166667
0.629310345
0.882352941
0.842105263
0.821138211
0.632075472
0.871287129
0.848484848
0.777777778
0.847826087
0.801980198
0.783018868
0.885714286
0.816091954
0.797752809
0.824742268
0.87628866
0.865168539
0.887755102
0.809090909
0.801980198
0.652631579
0.928571429
0.849462366
0.83
0.758241758
0.766666667
0.862068966
0.792079208
0.801801802
0.623762376
0.892857143
0.861386139
0.741666667
0.745454545
0.591836735
0.816091954
0.867256637
0.82
0.757281553
0.670212766
0.797979798
0.79787234
0.865168539
0.657657658
0.831460674
0.81443299
0.742857143
0.777777778
0.82300885
0.775700935
0.885714286
0.765432099
0.733333333
0.688888889
0.86
0.707070707
0.896907216
0.72815534
0.806818182
0.772277228
0.7875
0.700934579
0.567307692
0.580952381
0.814159292
0.782608696
0.715686275
0.528846154
0.75257732
0.797619048
0.787878788
0.636363636
0.708737864
0.777777778
0.682692308
0.675213675
0.7
0.681818182
0.834951456
0.636363636
0.741935484
0.785714286
0.854368932
0.688172043
0.642105263
0.808695652
0.574257426
0.822429907
0.584158416
0.621359223
0.788461538
0.736842105
0.813186813
0.859813084
0.85106383
0.71875
0.781609195
0.806451613
0.841584158
0.855769231
0.782178218
0.923076923
0.786516854
0.849462366
0.722772277
0.653465347
0.855555556
0.576086957
0.638297872
0.824175824
0.867346939
0.735294118
0.625
0.670212766
0.75257732
0.867346939
0.731958763
0.88172043
0.959183673
0.803921569
0.827586207
0.87
0.864197531
0.886792453
0.757575758
0.786516854
0.8
0.910891089
0.776595745
0.75
0.720430108
0.834862385
0.65
0.826923077
0.706521739
0.862385321
0.755319149
0.878787879
0.857142857
0.87962963
0.862385321
0.886597938
0.87254902
0.826530612
0.791666667
0.834862385
0.875
0.914285714
0.897727273
0.72815534
0.879310345
0.838095238
0.912621359
0.871287129
0.736842105
0.896907216
0.807692308
0.842592593
0.797619048
0.711538462
0.84
0.778947368
0.898148148
0.780487805
0.885057471
0.851851852
0.859649123
0.795454545
0.829787234
0.813186813
0.769230769
0.87254902
0.882352941
0.836734694
0.732673267
0.817307692
0.861386139
0.962264151
0.80952381
0.788990826
0.807228916
0.821052632
0.893617021
0.740740741
0.847619048
0.815533981
0.815217391
0.859504132
0.792079208
0.813186813
0.930693069
0.840909091
0.904761905
0.816091954
0.765306122
0.777777778
0.905660377
0.842105263
0.868131868
0.852941176
0.852631579
0.833333333
0.811881188
0.836956522
0.583333333
0.695238095
0.823529412
0.666666667
0.747572816
0.855670103
0.883495146
0.828571429
0.926605505
0.841121495
0.74
0.7
0.863157895
0.892473118
0.816513761
0.875
0.725663717
0.732673267
0.747126437
0.768421053
0.752475248
0.88
0.810526316
0.834951456
0.705882353
0.743119266
0.625
0.913043478
0.75
0.643478261
0.8125
0.919191919
0.819148936
0.79245283
0.831775701
0.79047619
0.714285714
0.871287129
0.851485149
0.79245283
0.683544304
0.685714286
0.775510204
0.530612245
0.776699029
0.768421053
0.928571429
0.819047619
0.887755102
0.860215054
0.6
0.877358491
0.857142857
0.733333333
0.886597938
0.743902439
0.86746988
0.898876404
0.848484848
0.865853659
0.875
0.669724771
0.93
0.955555556
0.752808989
0.772727273
0.752688172
0.805825243
0.649122807
0.785714286
0.610526316
0.710280374
0.927083333
0.775510204
0.788235294
0.648648649
0.837209302
0.802197802
0.867346939
0.822429907
0.857142857
0.730769231
0.815217391
0.840425532
0.940594059
0.797752809
0.808988764
0.688172043
0.852459016
0.674418605
0.792079208
0.887755102
0.782178218
0.8125
0.804347826
0.75
0.920792079
0.91588785
0.66
0.796116505
0.798319328
0.765306122
0.790697674
0.737864078
0.808080808
0.857142857
0.926315789
0.716981132
0.710280374
0.757009346
0.758241758
0.660194175
0.927835052
0.796116505
0.858585859
0.85046729
0.858695652
0.848484848
0.767676768
0.90990991
0.835051546
0.8
0.884615385
0.71559633
0.911111111
0.731481481
0.801980198
0.711111111
0.943820225
0.89010989
0.78125
0.428571429
0.928571429
0.723809524
0.795454545
0.784946237
0.939759036
0.842696629
0.822222222
0.863636364
0.795918367
0.818181818
0.963302752
0.81
0.842105263
0.819047619
0.780487805
0.730337079
0.903846154
0.905660377
0.836734694
0.699115044
0.787878788
0.853932584
0.836538462
0.85
0.877358491
0.655913978
0.808510638
0.757894737
0.660869565
0.787234043
0.693069307
0.911764706
0.765306122
0.73
0.798319328
0.779069767
0.781609195
0.771428571
0.863157895
0.77173913
0.888
0.8
0.716049383
0.783333333
0.774193548
0.774193548
0.735632184
0.701030928
0.768421053
0.81
0.725663717
0.815533981
0.699115044
0.786324786
0.833333333
0.813186813
0.710526316
0.901960784
0.752136752
0.918367347
0.858695652
0.798165138
0.768421053