0.686868687
0.75
0.722222222
0.626168224
0.8
0.793814433
0.706521739
0.632653061
0.760416667
0.67816092
0.776595745
0.75
0.75
0.722222222
0.765306122
0.64516129
0.710743802
0.838383838
0.757009346
0.726415094
0.677777778
0.59223301
0.610526316
0.686868687
0.752
0.67032967
0.677419355
0.722891566
0.651785714
0.707070707
0.699029126
0.728070175
0.776699029
0.720430108
0.58677686
0.727272727
0.724489796
0.690909091
0.656862745
0.788888889
0.67
0.634615385
0.447916667
0.675675676
0.772727273
0.677777778
0.79245283
0.709302326
0.670454545
0.649484536
0.697368421
0.688679245
0.898876404
0.772727273
0.773195876
0.558823529
0.912621359
0.666666667
0.673076923
0.785714286
0.742268041
0.723809524
0.688679245
0.660377358
0.652173913
0.727272727
0.793478261
0.603960396
0.77
0.772151899
0.620689655
0.571428571
0.764705882
0.656565657
0.57
0.568965517
0.711538462
0.723404255
0.806818182
0.64516129
0.583333333
0.803921569
0.623853211
0.626373626
0.588235294
0.673913043
0.768518519
0.7375
0.659340659
0.834951456
0.576470588
0.670731707
0.72
0.701923077
0.590361446
0.628865979
0.60952381
0.735294118
0.704761905
0.836734694
0.838095238
0.847457627
0.860215054
0.85106383
0.849557522
0.925531915
0.858695652
0.793478261
0.762376238
0.669491525
0.603773585
0.723404255
0.68
0.717391304
0.873786408
0.822222222
0.80952381
0.82
0.734939759
0.765957447
0.740384615
0.712765957
0.810526316
0.797752809
0.857142857
0.798076923
0.793814433
0.773195876
0.87962963
0.698924731
0.775700935
0.873684211
0.794392523
0.899082569
0.786407767
0.850877193
0.831683168
0.86407767
0.785046729
0.804347826
0.765217391
0.826086957
0.816326531
0.889908257
0.842592593
0.860465116
0.682692308
0.777777778
0.75
0.794117647
0.919642857
0.76744186
0.6
0.824175824
0.684782609
0.68627451
0.752941176
0.794117647
0.411764706
0.673267327
0.693069307
0.80733945
0.84
0.81372549
0.828947368
0.918367347
0.824561404
0.666666667
0.791666667
0.792079208
0.833333333
0.742857143
0.824074074
0.849056604
0.821052632
0.947368421
0.775280899
0.894230769
0.831578947
0.841584158
0.754901961
0.768518519
0.811881188
0.747826087
0.663366337
0.804347826
0.816326531
0.718446602
0.833333333
0.797979798
0.75
0.818181818
0.813084112
0.697674419
0.62601626
0.885714286
0.680412371
0.784090909
0.774509804
0.769230769
0.73255814
0.717391304
0.814814815
0.630434783
0.789473684
0.913978495
0.933962264
0.91
0.565217391
0.905660377
0.675
0.761904762
0.706521739
0.764150943
0.67
0.79787234
0.79787234
0.729411765
0.821782178
0.852272727
0.870967742
0.842105263
0.736263736
0.775280899
0.802325581
0.824074074
0.803921569
0.831325301
0.909090909
0.794117647
0.854166667
0.904761905
0.842592593
0.775280899
0.811320755
0.790909091
0.93877551
0.845238095
0.906542056
0.891304348
0.815533981
0.844444444
0.801886792
0.757894737
0.776470588
0.807692308
0.823529412
0.815533981
0.666666667
0.747126437
0.737373737
0.87254902
0.791666667
0.761904762
0.905882353
0.857142857
0.755319149
0.714285714
0.536363636
0.734042553
0.705882353
0.510416667
0.857142857
0.790909091
0.761904762
0.56043956
0.776699029
0.765957447
0.547368421
0.764044944
0.754716981
0.731182796
0.872727273
0.666666667
0.804123711
0.842696629
0.689320388
0.732673267
0.77173913
0.805309735
0.778846154
0.778761062
0.83908046
0.72
0.6
0.763157895
0.724489796
0.775510204
0.771428571
0.716814159
0.725274725
0.561904762
0.797979798
0.733333333
0.833333333
0.723214286
0.754716981
0.7
0.592105263
0.556818182
0.768421053
0.752380952
0.579439252
0.766666667
0.798165138
0.679245283
0.673076923
0.554216867
0.717948718
0.858695652
0.59223301
0.72826087
0.76635514
0.681818182
0.723809524
0.686868687
0.552083333
0.712871287
0.689655172
0.931372549
0.805825243
0.790123457
0.905263158
0.793814433
0.804347826
0.875
0.731481481
0.80952381
0.675324675
0.684210526
0.692307692
0.808695652
0.744680851
0.648351648
0.768292683
0.787234043
0.797752809
0.833333333
0.648148148
0.851851852
0.78125
0.774774775
0.623529412
0.879310345
0.645454545
0.726315789
0.85106383
0.829787234
0.854166667
0.861111111
0.791208791
0.852272727
0.833333333
0.825242718
0.76635514
0.65
0.693069307
0.877358491
0.861111111
0.653465347
0.666666667
0.765957447
0.838709677
0.7
0.717391304
0.712871287
0.675925926
0.810526316
0.882352941
0.817204301
0.765217391
0.811881188
0.734939759
0.672566372
0.855263158
0.768421053
0.77173913
0.808333333
0.8
0.818181818
0.72
0.75
0.752475248
0.822033898
0.71
0.810526316
0.836206897
0.82300885
0.783333333
0.691489362
0.634408602
0.708737864
0.8
0.67032967
0.808510638
0.782608696
0.481927711
0.475728155
0.70212766
0.693693694
0.727272727
0.771428571
0.825242718
0.597826087
0.776785714
0.700854701
0.663716814
0.830357143
0.742574257
0.709090909
0.868131868
0.791304348
0.743362832
0.773913043
0.7875
0.811881188
0.61
0.824175824
0.698275862
0.79
0.695652174
0.724489796
0.628865979
0.711711712
0.855555556
0.677777778
0.74
0.715789474
0.875
0.676767677
0.836363636
0.747252747
0.774193548
0.892156863
0.696078431
0.779816514
0.712765957
0.867346939
0.695652174
0.855670103
0.760869565
0.729166667
0.815789474
0.682242991
0.705263158
0.810344828
0.752293578
0.706521739
0.777777778
0.727272727
0.744444444
0.802197802
0.623762376
0.587719298
0.699029126
0.555555556
0.762886598
0.682242991
0.710280374
0.517241379
0.642105263
0.688172043
0.686868687
0.708333333
0.447058824
0.783018868
0.806122449
0.68
0.681415929
0.813084112
0.740740741
0.798319328
0.6
0.569892473
0.836734694
0.5
0.675925926
0.495327103
0.653846154
0.67961165
0.493975904
0.630434783
0.729166667
0.743589744
0.578431373
0.708333333
0.736363636
0.863247863
0.855555556
0.802197802
0.785714286
0.802083333
0.925233645
0.839506173
0.67032967
0.548076923
0.775280899
0.845360825
0.881818182
0.532608696
0.705263158
0.716049383
0.833333333
0.852941176
0.761363636
0.666666667
0.47826087
0.786885246
0.685393258
0.815217391
0.701923077
0.733333333
0.830188679
0.875
0.782608696
0.886597938
0.867346939
0.683673469
0.850574713
0.72815534
0.752475248
0.91509434
0.7
0.638297872
0.8125
0.701298701
0.865168539
0.621052632
0.871287129
0.822033898
0.820754717
0.833333333
0.683168317
0.857142857
0.849462366
0.845454545
0.836734694
0.814814815
0.709090909
0.719008264
0.82
0.796460177
0.795698925
0.811320755
0.84375
0.72
0.843137255
0.831578947
0.835294118
0.824175824
0.68627451
0.67768595
0.847619048
0.747368421
0.860465116
0.770642202
0.75
0.552083333
0.762711864
0.568181818
0.730337079
0.849206349
0.614583333
0.653543307
0.685714286
0.739583333
0.737288136
0.680412371
0.602150538
0.824175824
0.504854369
0.672897196
0.663793103
0.693877551
0.537634409
0.745098039
0.686046512
0.783505155
0.551724138
0.419047619
0.745098039
0.797468354
0.61
0.766990291
0.652631579
0.733944954
0.606060606
0.717171717
0.663461538
0.744680851
0.734513274
0.574257426
0.731182796
0.864583333
0.583333333
0.73
0.442105263
0.783505155
0.774509804
0.852941176
0.740740741
0.726315789
0.663157895
0.763636364
0.645833333
0.695238095
0.8125
0.707070707
0.530864198
0.763157895
0.656862745
0.634615385
0.693069307
0.701030928
0.703296703
0.641304348
0.846938776
0.742574257
0.651162791
0.804123711
0.473684211
0.725490196
0.696969697
0.759615385
0.724489796
0.676190476
0.670103093
0.773195876
0.691489362
0.780952381
0.596330275
0.803571429
0.633663366
0.5
0.757009346
0.51
0.657142857
0.649484536
0.74
0.663265306
0.714285714
0.79787234
0.663366337
0.639175258
0.724137931
0.625
0.746987952
0.731182796
0.603960396
0.73
0.707964602
0.666666667
0.768421053
0.602409639
0.634146341
0.724489796
0.657142857
0.745283019
0.858695652
0.817204301
0.778846154
0.78
0.817204301
0.757575758
0.565217391
0.601769912
0.59375
0.746666667
0.793814433
0.777777778
0.605769231
0.790697674
0.857142857
0.783505155
0.810810811
0.685185185
0.731958763
0.75308642
0.776595745
0.797979798
0.894230769
0.752808989
0.784090909
0.757281553
0.802325581
0.655913978
0.75
0.819047619
0.768518519
0.85
0.811111111
0.707865169
0.779816514
0.721153846
0.788888889
0.729166667
0.67
0.683168317
0.770833333
0.689320388
0.805825243
0.794871795
0.741176471
0.695652174
0.709677419
0.723809524
0.712962963
0.787610619
0.762376238
0.642201835
0.77
0.75
0.854166667
0.934782609
0.854545455
0.79047619
0.84375
0.854166667
0.883928571
0.528846154
0.779816514
0.755555556
0.673267327
0.821782178
0.784090909
0.718446602
0.711711712
0.676190476
0.745283019
0.708333333
0.836734694
0.793478261
0.823529412
0.674157303
0.603448276
0.740740741
0.884615385
0.741573034
0.848484848
0.863157895
0.756302521
0.752475248
0.752380952
0.724489796
0.834951456
0.88172043
0.833333333
0.840707965
0.740740741
0.725274725
0.757575758
0.827272727
0.726495726
0.802083333
0.884615385
0.843137255
0.71559633
0.927835052
0.869565217
0.755555556
0.909090909
0.669811321
0.862745098
0.848484848
0.91
0.767676768
0.79338843
0.882352941
0.824561404
0.731182796
0.787610619
0.830188679
0.865853659
0.868131868
0.695121951
0.730769231
0.861386139
0.870967742
0.8125
0.931034483
0.831775701
0.82
0.720930233
0.598039216
0.855769231
0.857142857
0.81
0.612068966
0.738636364
0.872340426
0.836363636
0.758333333
0.861386139
0.75
0.942528736
0.779069767
0.775
0.876190476
0.898989899
0.854545455
0.704545455
0.796460177
0.877358491
0.891891892
0.886597938
0.816326531
0.846153846
0.845454545
0.735042735
0.838709677
0.794117647
0.791666667
0.697916667
0.762886598
0.855670103
0.82
0.730434783
0.692307692
0.841584158
0.8
0.838095238
0.855670103
0.857142857
0.752475248
0.829787234
0.681318681
0.642201835
0.733333333
0.772727273
0.894736842
0.826530612
0.776699029
0.864
0.802197802
0.676767677
0.806818182
0.833333333
0.760416667
0.754545455
0.696078431
0.824074074
0.859813084
0.908163265
0.711111111
0.854368932
0.806818182
0.699115044
0.68627451
0.776595745
0.735294118
0.608695652
0.85
0.680851064
0.905263158
0.888888889
0.953271028
0.900990099
0.841584158
0.745454545
0.886363636
0.883495146
0.939393939
0.685714286
0.875
0.796296296
0.835051546
0.839622642
0.921568627
0.851239669
0.887640449
0.873563218
0.924528302
0.792079208
0.825581395
0.911111111
0.897435897
0.886597938
0.826530612
0.755555556
0.91
0.87628866
0.891304348
0.805555556
0.941860465
0.744897959
0.918367347
0.893203883
0.870967742
0.873786408
0.802197802
0.844660194
0.887755102
0.855670103
0.897196262
0.918367347
0.88172043
0.690909091
0.844444444
0.848214286
0.807692308
0.861702128
0.747572816
0.741573034
0.75
0.918604651
0.740740741
0.921348315
0.870967742
0.8
0.915789474
0.867924528
0.698924731
0.838383838
0.779069767
0.820224719
0.508333333
0.75257732
0.898989899
0.933962264
0.904761905
0.921052632
0.84375
0.926605505
0.817204301
0.875
0.921568627
0.918181818
0.895833333
0.819277108
0.747252747
0.735849057
0.918181818
0.913978495
0.822222222
0.842592593
0.829787234
0.885416667
0.896226415
0.67816092
0.848101266
0.91
0.877192982
0.744680851
0.808080808
0.634782609
0.76635514
0.76344086
0.841584158
0.775700935
0.752475248
0.781609195
0.862068966
0.711538462
0.778846154
0.732283465
0.865853659
0.73
0.861111111
0.810526316
0.769230769
0.820512821
0.880952381
0.608247423
0.91011236
0.743589744
0.836734694
0.857142857
0.621621622
0.805555556
0.673684211
0.911111111
0.75257732
0.541666667
0.70754717
0.793478261
0.910714286
0.841121495
0.797979798
0.796610169
0.742268041
0.843137255
0.776785714
0.714285714
0.705357143
0.761363636
0.819277108
0.880952381
0.738317757
0.855555556
0.780952381
0.861111111
0.78
0.857142857
0.659340659
0.830357143
0.685393258
0.72972973
0.767676768
0.835051546
0.736263736
0.682352941
0.808080808
0.761904762
0.808988764
0.75
0.762376238
0.818181818
0.728070175
0.817307692
0.802325581
0.827272727
0.708737864
0.825688073
0.859813084
0.853211009
0.829545455
0.847058824
0.855421687
0.736263736
0.84
0.82300885
0.617021277
0.769230769
0.836538462
0.784313725
0.764150943
0.808988764
0.721649485
0.793478261
0.841584158
0.777777778
0.833333333
0.781818182
0.735294118
0.794392523
0.798076923
0.886597938
0.79
0.7875
0.699029126
0.666666667
0.722222222
0.511111111
0.518867925
0.697478992
0.669811321
0.710280374
0.82300885
0.638297872
0.595505618
0.744680851
0.435643564
0.722772277
0.638888889
0.424242424
0.75257732
0.625
0.660194175
0.634615385
0.674157303
0.747572816
0.704347826
0.549450549
0.798165138
0.763636364
0.521367521
0.556701031
0.585365854
0.776785714
0.5
0.684782609
0.660194175
0.747572816
0.681415929
0.705882353
0.571428571
0.654545455
0.611111111
0.789473684
0.567010309
0.628865979
0.625
0.69047619
0.561904762
0.694736842
0.606060606
0.8
0.666666667
0.625
0.556962025
0.77
0.546511628
0.617647059
0.762376238
0.683168317
0.637254902
0.588235294
0.564814815
0.731958763
0.65
0.666666667
0.619565217
0.701030928
0.711340206
0.696078431
0.588785047
0.681818182
0.839285714
0.793478261
0.818181818
0.8125
0.860215054
0.797979798
0.777777778
0.649484536
0.889830508
0.896551724
0.798076923
0.774509804
0.925925926
0.806451613
0.883928571
0.807017544
0.840707965
0.884615385
0.862068966
0.816326531
0.75
0.880733945
0.902439024
0.754901961
0.777777778
0.8
0.91588785
0.768421053
0.868686869
0.784946237
0.818181818
0.833333333
0.716981132
0.901098901
0.876106195
0.849462366
0.801980198
0.704761905
0.76146789
0.783018868
0.789473684
0.797979798
0.666666667
0.869565217
0.847619048
0.811764706
0.857142857
0.71875
0.83
0.744680851
0.952380952
0.801980198
0.659793814
0.854166667
0.787234043
0.742574257
0.892156863
0.838709677
0.734513274
0.867924528
0.742268041
0.852631579
0.79047619
0.822222222
0.891089109
0.811320755
0.854166667
0.79787234
0.854166667
0.817307692
0.764044944
0.887755102
0.845360825
0.848484848
0.852941176
0.755813953
0.671052632
0.875
0.817073171
0.802197802
0.822222222
0.705882353
0.822429907
0.752808989
0.747663551
0.675675676
0.74789916
0.944444444
0.824074074
0.760416667
0.860655738
0.828571429
0.844036697
0.680851064
0.761904762
0.774509804
0.871794872
0.925925926
0.775280899
0.602040816
0.673267327
0.679104478
0.860869565
0.554545455
0.632653061
0.757575758
0.699029126
0.735849057
0.679012346
0.632075472
0.759493671
0.782178218
0.631578947
0.6
0.715909091
0.75
0.722772277
0.56097561
0.731958763
0.84375
0.820224719
0.673267327
0.811764706
0.823529412
0.675925926
0.909090909
0.75
0.91
0.94047619
0.683673469
0.882882883
0.878378378
0.811111111
0.884615385
0.842975207
0.833333333
0.731958763
0.840707965
0.883928571
0.926315789
0.761061947
0.879120879
0.886956522
0.854545455
0.757894737
0.8
0.710280374
0.837837838
0.854368932
0.776699029
0.830188679
0.893617021
0.854700855
0.795698925
0.836363636
0.84375
0.876106195
0.844444444
0.853658537
0.737864078
0.73
0.859813084
0.847826087
0.836956522
0.806122449
0.820754717
0.847328244
0.793814433
0.690721649
0.900990099
0.894230769
0.844444444
0.8
0.9
0.877192982
0.72815534
0.848214286
0.676767677
0.775700935
0.675675676
0.768421053
0.834862385
0.86746988
0.875
0.670588235
0.814814815
0.75
0.8
0.840909091
0.854700855
0.878787879
0.841121495
0.911764706
0.797979798
0.923913043
0.851851852
0.803921569
0.847457627
0.869047619
0.76744186
0.835051546
0.941860465
0.851851852
0.882352941
0.828571429
0.884615385
0.8125
0.847826087
0.819148936
0.649122807
0.898989899
0.791666667
0.857142857
0.83
0.802197802
0.835051546
0.853211009
0.868686869
0.647540984
0.554455446
0.8125
0.895652174
0.732758621
0.565789474
0.85840708
0.485981308
0.78
0.911111111
0.642857143
0.775280899
0.756097561
0.669565217
0.891566265
0.831683168
0.756756757
0.677777778
0.776785714
0.846153846
0.627659574
0.846846847
0.873684211
0.735294118
0.699029126
0.645454545
0.925233645
0.817307692
0.717171717
0.626506024
0.802083333
0.865979381
0.75
0.720720721
0.738317757
0.78021978
0.785714286
0.85
0.758241758
0.831460674
0.850877193
0.784946237
0.696629213
0.783505155
0.726315789
0.736363636
0.846153846
0.87037037
0.703703704
0.747474747
0.891304348
0.75862069
0.884615385
0.758928571
0.603773585
0.793478261
0.79047619
0.808510638
0.697478992
0.867256637
0.814814815
0.81372549
0.745283019
0.755813953
0.770833333
0.787037037
0.754901961
0.804123711
0.772277228
0.796116505
0.745762712
0.790697674
0.842105263
0.714285714
0.849056604
0.887755102
0.508474576
0.758241758
0.747747748
0.712871287
0.744680851
0.726315789
0.703296703
0.771428571
0.709677419
0.712871287
0.672727273
0.855670103
0.922413793
0.853932584
0.861386139
0.672727273
0.672897196
0.715789474
0.806451613
0.683673469
0.837837838
0.726415094
0.805555556
0.754901961
0.67961165
0.837209302
0.835164835
0.782178218
0.8125
0.706422018
0.552941176
0.598039216
0.792682927
0.554455446
0.770642202
0.522222222
0.813084112
0.764150943
0.789473684
0.601941748
0.798076923
0.8
0.724489796
0.678571429
0.821052632
0.841584158
0.59375
0.752475248
0.64
0.816513761
0.825688073
0.796296296
0.907216495
0.784313725
0.6
0.75
0.615384615
0.755555556
0.755102041
0.626262626
0.7
0.780952381
0.758928571
0.792079208
0.673913043
0.702970297
0.325842697
0.909090909
0.821782178
0.701030928
0.79245283
0.627272727
0.760416667
0.75
0.63
0.729166667
0.688679245
0.876106195
0.857142857
0.729166667
0.831460674
0.574257426
0.686956522
0.561904762
0.761363636
0.606741573
0.816326531
0.660377358
0.700934579
0.727272727
0.833333333
0.778846154
0.679245283
0.711340206
0.773913043
0.756756757
0.735632184
0.692307692
0.74
0.875
0.826530612
0.682926829
0.865979381
0.745454545
0.736
0.805309735
0.783018868
0.825581395
0.827956989
0.727272727
0.768421053
0.712962963
0.734042553
0.738317757
0.655555556
0.814814815
0.809090909
0.735294118
0.826923077
0.772277228
0.651685393
0.858585859
0.814159292
0.574468085
0.825242718
0.757009346
0.786407767
0.777777778
0.805084746
0.684684685
0.852272727
0.590909091
0.741935484
0.827956989
0.733333333
0.709401709
0.695238095
0.836538462
0.602150538
0.876404494
0.777777778
0.770114943
0.736363636
0.775510204
0.815533981
0.813084112
0.75308642
0.745098039
0.90625
0.564356436
0.84
0.836538462
0.807228916
0.776859504
0.71875
0.670454545
0.819148936
0.846153846
0.772727273
0.855670103
0.788990826
0.779816514
0.769230769
0.872340426
0.815533981
0.745098039
0.718446602
0.842105263
0.868686869
0.592920354
0.693069307
0.683673469
0.875
0.831578947
0.622222222
0.845238095
0.791304348
0.879120879
0.853211009
0.620689655
0.760416667
0.828282828
0.659090909
0.775510204
0.712871287
0.858490566
0.839622642
0.804597701
0.805825243
0.757009346
0.845238095
0.858695652
0.721153846
0.83
0.773195876
0.752212389
0.737373737
0.724489796
0.872340426
0.95049505
0.697916667
0.623762376
0.728971963
0.759615385
0.817204301
0.801886792
0.705263158
0.691056911
0.817307692
0.731182796
0.695238095
0.808510638
0.700934579
0.598214286
0.860215054
0.710280374
0.864864865
0.65060241
0.772727273
0.823529412
0.688172043
0.855769231
0.582417582
0.900990099
0.527472527
0.821782178
0.75
0.854368932
0.852941176
0.72826087
0.736263736
0.739583333
0.863636364
0.623376623
0.685714286
0.848484848
0.780952381
0.829787234
0.888888889
0.871287129
0.818181818
0.813084112
0.735849057
0.822222222
0.793814433
0.787037037
0.724489796
0.801886792
0.757281553
0.696428571
0.659793814
0.754237288
0.752475248
0.57
0.523364486
0.715789474
0.733333333
0.813186813
0.761904762
0.739130435
0.766233766
0.8
0.80952381
0.653465347
0.895833333
0.854700855
0.861386139
0.907407407
0.830188679
0.858695652
0.820754717
0.805825243
0.685185185
0.68
0.62244898
0.802325581
0.843373494
0.68627451
0.788461538
0.819277108
0.801980198
0.727272727
0.741176471
0.628865979
0.819148936
0.724489796
0.918604651
0.712962963
0.79
0.637931034
0.788235294
0.772277228
0.911764706
0.813084112
0.677777778
0.802197802
0.730769231
0.780487805
0.75
0.731182796
0.772277228
0.752688172
0.897959184
0.72
0.660714286
0.701923077
0.836363636
0.738738739
0.695238095
0.849462366
0.792792793
0.644230769
0.819148936
0.777777778
0.789473684
0.840909091
0.817307692
0.8
0.775280899
0.857142857
0.663551402
0.792079208
0.777777778
0.793814433
0.754716981
0.805555556
0.87394958
0.854545455
0.831683168
0.76744186
0.853211009
0.847826087
0.72815534
0.811320755
0.78
0.67032967
0.808695652
0.737373737
0.693069307
0.775862069
0.769230769
0.868686869
0.571428571
0.877358491
0.733333333
0.884210526
0.85
0.72972973
0.841463415
0.776315789
0.811023622
0.858585859
0.819277108
0.81443299
0.756521739
0.689320388
0.72815534
0.913978495
0.704081633
0.505154639
0.843373494
0.913580247
0.81443299
0.760416667
0.8125
0.83
0.707317073
0.902777778
0.840425532
0.861702128
0.603773585
0.755102041
0.81
0.777777778
0.8
0.744897959
0.831460674
0.741573034
0.828828829
0.651376147
0.747474747
0.835164835
0.81443299
0.786407767
0.846153846
0.752380952
0.715789474
0.65060241
0.765957447
0.849056604
0.873786408
0.796296296
0.62962963
0.811111111
0.744444444
0.805084746
0.880952381
0.642105263
0.75
0.451612903
0.8
0.811881188
0.815217391
0.797979798
0.551724138
0.760330579
0.903614458
0.820754717
0.708333333
0.730769231
0.797979798
0.747252747
0.62244898
0.743119266
0.75862069
0.706422018
0.795918367
0.621359223
0.723809524
0.865979381
0.462264151
0.829545455
0.868131868
0.680412371
0.72826087
0.771929825
0.692307692
0.784946237
0.75
0.787234043
0.549019608
0.516853933
0.741573034
0.735632184
0.621359223
0.572727273
0.820895522
0.640449438
0.777777778
0.658730159
0.681415929
0.75257732
0.663157895
0.666666667
0.74
0.8
0.802325581
0.69047619
0.769230769
0.633027523
0.674157303
0.752293578
0.571428571
0.654205607
0.696969697
0.701149425
0.759259259
0.677419355
0.598130841
0.778846154
0.783505155
0.838709677
0.67032967
0.717391304
0.855555556
0.673267327
0.71875
0.714285714
0.617647059
0.479591837
0.803921569
0.612244898
0.852272727
0.829787234
0.833333333
0.582417582
0.872727273
0.720430108
0.813559322
0.754901961
0.714285714
0.660377358
0.442307692
0.699186992
0.838709677
0.643678161
0.561797753
0.688679245
0.639175258
0.794392523
0.818181818
0.632075472
0.698924731
0.734042553
0.866666667
0.722772277
0.755813953
0.681318681
0.759615385
0.723809524
0.43956044
0.6875
0.745098039
0.732673267
0.725490196
0.705882353
0.75
0.719298246
0.648648649
0.782608696
0.744897959
0.548387097
0.585858586
0.510416667
0.705882353
0.67826087
0.696202532
0.676767677
0.73
0.666666667
0.73
0.697916667
0.701754386
0.673267327
0.741176471
0.666666667
0.722772277
0.602272727
0.707070707
0.676767677
0.822222222
0.836538462
0.724137931
0.846153846
0.67961165
0.556701031
0.628865979
0.594594595
0.747368421
0.56626506
0.729166667
0.64516129
0.666666667
0.818181818
0.63
0.65
0.75
0.774193548
0.714285714
0.703703704
0.707070707
0.590909091
0.717391304
0.673913043
0.683168317
0.704545455
0.686868687
0.64
0.655172414
0.709090909
0.760869565
0.65
0.675438596
0.659793814
0.703296703
0.705882353
0.742268041
0.641509434
0.691489362
0.669902913
0.707865169
0.718181818
0.708737864
0.669811321
0.698275862
0.623762376
0.720430108
0.723404255
0.673267327
0.640350877
0.723214286
0.698795181
0.76744186
0.6875
0.640449438
0.666666667
0.793103448
0.715686275
0.718446602
0.75
0.78021978
0.5
0.651376147
0.639175258
0.549019608
0.75
0.618556701
0.704761905
0.757575758