0.511828373
0.511298789
0.525965902
0.537601632
0.537457879
0.530871235
0.522374883
0.528109552
0.510131247
0.521060729
0.524497717
0.537455289
0.520693623
0.532764547
0.52611935
0.510707429
0.508427342
0.494936337
0.539776317
0.537718928
0.523463576
0.507248944
0.517838518
0.524715596
0.529174429
0.513506932
0.519967502
0.507506907
0.511219125
0.498360767
0.522232328
0.514431399
0.518214791
0.50512199
0.52752153
0.531312076
0.532081032
0.539485815
0.553009917
0.512795706
0.532195136
0.532514649
0.498388903
0.51714774
0.500713501
0.52210124
0.559482986
0.532934656
0.524380316
0.496210564
0.522553222
0.513989761
0.495099603
0.511253363
0.516598876
0.510879533
0.53819526
0.500547081
0.528878381
0.520675725
0.519646499
0.500468841
0.525408395
0.505654463
0.510060508
0.50809037
0.521890279
0.535577023
0.510266172
0.496756453
0.52100013
0.506483
0.504428222
0.500160184
0.500271997
0.523077817
0.509348088
0.506722571
0.536504775
0.528768835
0.550985577
0.537606858
0.521470155
0.540318178
0.538416192
0.550953842
0.512071035
0.515202439
0.548586242
0.537096667
0.577074377
0.548933086
0.536596756
0.535384028
0.520143307
0.5220394
0.50684034
0.541918242
0.521422383
0.550899139
0.546173161
0.539864098
0.509692796
0.542755148
0.525223014
0.542002235
0.525419147
0.516749409
0.519381005
0.513671811
0.532046623
0.52204374
0.546538181
0.510459072
0.528055524
0.512661306
0.526350854
0.523651023
0.567703291
0.538174895
0.505551661
0.502929358
0.537002507
0.540249595
0.521656755
0.516377663
0.517149992
0.521732418
0.522467576
0.508664036
0.537553716
0.510750717
0.501672262
0.541345042
0.524362256
0.540707265
0.518486187
0.535531708
0.514553695
0.546154053
0.530460138
0.492339594
0.515486842
0.500825071
0.537837041
0.524492951
0.515172609
0.514612915
0.564047779
0.527397297
0.511571872
0.525079541
0.507491403
0.506686042
0.504236998
0.529898274
0.502137433
0.527730961
0.52558877
0.51259189
0.523260643
0.50964888
0.519131499
0.516224398
0.525929598
0.525222561