0.518862059
0.523095859
0.498303225
0.510721061
0.532238602
0.505115746
0.497909122
0.513936273
0.50898498
0.527055981
0.536130817
0.519540694
0.505084651
0.526395173
0.515597855
0.519879377
0.507681694
0.525292095
0.529256752
0.51303378
0.528970536
0.531107009
0.507742646
0.511730048
0.526550331
0.503696129
0.526661818
0.556833556
0.512609579
0.508639387
0.509905327
0.506244839
0.49944909
0.503482762
0.516164649
0.522823496
0.501117179
0.514069189
0.510885514
0.514634672
0.512756269
0.513925625
0.520999409
0.524317748
0.498684118
0.519280607
0.510387221
0.533538785
0.515701794
0.506854436
0.499143817
0.520164331
0.509856835
0.529469371
0.506562378
0.513256952
0.519915129
0.508703067
0.507991937
0.506842118
0.505157569
0.511424681
0.503485035
0.510091627
0.51645981
0.520257946
0.520390714
0.501600753
0.52466909
0.52073638
0.493548884
0.502965112
0.527058152
0.513048998
0.50605224
0.499019714
0.526493171
0.497458021
0.508268122
0.51485292
0.516058891
0.502537244
0.510560001
0.493565453
0.509204378
0.512542537
0.50062463
0.506082772
0.524122426
0.538730852
0.518733644
0.511855118
0.50469366
0.498575168
0.501643542
0.487874161
0.500882961
0.504121693
0.530256372
0.500207495
0.502738028
0.512987263
0.504051417
0.513608449
0.519501413
0.516485345
0.508673309
0.503567431
0.502299893
0.527173351
0.512004339
0.491953244
0.513643285
0.529573803
0.491354722
0.498729484
0.528478011
0.518949148
0.489524721
0.53035692
0.500798151
0.497194357
0.521786698
0.500828824
0.500430716
0.522845418
0.504794902
0.529022194
0.504951753
0.539770202
0.482410028
0.502317797
0.509242846
0.506771144
0.512932573
0.511220749
0.521391068
0.510686669
0.489426235
0.508314164
0.499698506
0.503430443
0.534502748
0.488550607
0.484229641
0.497135428
0.50192681
0.509756205
0.515103761
0.510267987
0.507891359
0.506963202
0.519808899
0.497177423
0.494058707
0.487902704
0.494157988
0.499437008
0.507876268
0.498474008
0.492747563
0.504360616
0.506234412
0.503828561
0.506104683
0.496812024