0.539198242
0.541743734
0.520919285
0.508371396
0.540314163
0.515877886
0.535297868
0.545555002
0.495146632
0.51841372
0.511102819
0.51665233
0.519930141
0.525212213
0.529297035
0.499409306
0.516077624
0.509420615
0.495831397
0.514155396
0.509430905
0.498633949
0.494471511
0.507736949
0.519563014
0.511851607
0.50521994
0.534219634
0.534325374
0.511442558
0.513767765
0.520118185
0.512643656
0.520484321
0.507525364
0.520763873
0.49068456
0.512104201
0.518404112
0.531494015
0.526731719
0.509861317
0.523461069
0.508136952
0.493032254
0.51164337
0.494318445
0.51290833
0.50040737
0.523788366
0.505693348
0.521989093
0.501806401
0.520907422
0.506353394
0.520401184
0.527405575
0.538430198
0.506233487
0.510044883
0.526753196
0.526577617
0.511245476
0.531244587
0.523548321
0.502441705
0.527174339
0.518951483
0.539799309
0.552705321
0.523689332
0.498777988
0.508579627
0.519213289
0.520728191
0.511251988
0.535489837
0.518096853
0.515874649
0.541487178
0.519089157
0.515691054
0.514209861
0.527657593
0.518967704
0.523757719
0.510290326
0.507642718
0.508182017
0.50178359
0.504457007
0.515791034
0.51508839
0.495510783
0.50361848
0.500383923
0.541130401
0.508125632
0.504450799
0.504163454
0.525975066
0.509091786
0.515607149
0.51556681
0.535335493
0.49195805
0.510849817
0.505883939
0.533453886
0.50448772
0.505497979
0.526490151
0.520749166
0.509513834
0.531068961
0.510028618
0.509115008
0.489625359
0.524648846
0.516134051
0.504198098
0.559502607
0.528920412
0.510327519
0.507779592
0.504634329
0.519783576
0.505588145
0.509055172
0.504702466
0.52360666
0.534428005
0.520495823
0.492778699
0.544511653
0.501467162
0.519096217
0.487311108
0.504198917
0.541429864
0.509306548
0.504320087
0.506269563
0.486830446
0.510999566
0.486815056
0.525301183
0.496963286
0.48695618
0.510781598
0.534864132
0.518918679
0.485149384
0.492146547
0.503747836
0.500977503
0.499085051
0.495424668
0.485985896
0.496863285
0.48910007
0.505640672
0.493588907
0.505207277
0.493690961
0.496442171
0.520414508
0.512758076
0.49557671
0.509788816