0.57212512
0.548412693
0.568163092
0.53046728
0.538546849
0.513864005
0.536622446
0.53457865
0.516470819
0.533768629
0.571302161
0.514065481
0.526000595
0.535749684
0.522915856
0.517903545
0.512790933
0.514460361
0.500413966
0.543093979
0.523639537
0.53119573
0.562339317
0.530324547
0.524539206
0.517703535
0.524871707
0.534281234
0.514097717
0.505459177
0.537938943
0.518802454
0.539735556
0.539270762
0.508126744
0.498784527
0.519515541
0.52678782
0.502719058
0.526647072
0.513097155
0.515143272
0.530530693
0.509705019
0.517396439
0.543138818
0.536514543
0.54408866
0.508961949
0.533797421
0.520891569
0.512701375
0.533141001
0.506373463
0.532351381
0.518572503
0.526740652
0.529337251
0.554414274
0.529319965
0.542327858
0.510914304
0.51904118
0.514034614
0.507105807
0.532077212
0.50176536
0.515551845
0.526936577
0.535820201
0.518099581
0.548249368
0.491864283
0.520496426
0.49558738
0.525218021
0.504249823
0.507737478
0.519557183
0.507718852
0.505983956
0.517079964
0.517057379
0.505895428
0.522899897
0.534107294
0.49869895
0.506860844
0.538848704
0.506408464
0.519328344
0.534691653
0.520243021
0.510484842
0.505977342
0.506251315
0.49342171
0.516353771
0.52702008
0.552498102
0.517400907
0.539299932
0.513638609
0.529198909
0.545481655
0.500796003
0.484726361
0.540023083
0.508287317
0.520524643
0.527232879
0.517176549
0.540865378
0.510827437
0.534626906
0.512708739
0.505247517
0.496322112
0.509104572
0.493261862
0.49175177
0.517101709
0.510650865
0.530906856
0.503848047
0.487208066
0.53297937
0.520322776
0.503325775
0.532830098
0.513898587
0.515718239
0.529782167
0.511236483
0.511601537
0.504685477
0.543353613
0.520846163
0.503680813
0.534396092
0.528506556
0.511114999
0.535309665
0.523907256
0.513096987
0.513986588
0.530971351
0.537452323
0.489685473
0.472796052
0.496539625
0.510602069
0.501593836
0.516695647
0.520445388
0.513018757
0.512195586
0.514746187
0.509918847
0.522402192
0.522031546
0.530930643
0.50620929
0.515615595
0.528254849
0.521038041