0.582549852
0.550352624
0.536147618
0.520260131
0.533814134
0.516975425
0.519579103
0.545412516
0.520221255
0.551332261
0.516630191
0.504550322
0.512489877
0.542677198
0.512918157
0.515751281
0.518289993
0.50221894
0.517413965
0.51752339
0.505904924
0.528624624
0.538275961
0.511797873
0.51263875
0.542798825
0.506772104
0.553603238
0.522757443
0.523996516
0.508176558
0.531799698
0.53013133
0.522952013
0.507212505
0.516118414
0.522746127
0.54306542
0.539238839
0.534505374
0.511880587
0.521639689
0.494197325
0.519070674
0.514105124
0.530078774
0.533777137
0.539833679
0.523404687
0.541955863
0.519940374
0.536170506
0.508223039
0.49977425
0.519706879
0.511589442
0.504810127
0.515339794
0.51582154
0.521857149
0.534528689
0.520189159
0.503475701
0.507167742
0.548803957
0.506368543
0.523512368
0.520964314
0.526351798
0.505340983
0.528934032
0.503808143
0.546946185
0.514703704
0.521953458
0.53681333
0.514163544
0.496251015
0.508293064
0.512827943
0.511999477
0.524732902
0.505843237
0.498494029
0.529907526
0.526816963
0.504244656
0.540251046
0.503408425
0.505725186
0.537096918
0.537914254
0.484309792
0.535065253
0.52397697
0.505145124
0.516596428
0.520395543
0.51867422
0.501142501
0.515958971
0.496747218
0.515256105
0.523619978
0.500154989
0.513421048
0.511269767
0.490463267
0.533893472
0.514504353
0.501027206
0.512386722
0.537555092
0.530924298
0.506261691
0.519339439
0.524250694
0.513244487
0.520183239
0.484526348
0.530537103
0.53961214
0.508550292
0.534267154
0.522429956
0.50864959
0.515374599
0.495334782
0.530507374
0.499008439
0.502093218
0.492705058
0.504440514
0.513927931
0.509281152
0.517182846
0.529072537
0.52008783
0.504359893
0.492860536
0.508870003
0.534682517
0.512347156
0.503557988
0.525929545
0.499744347
0.523201785
0.511702802
0.502188222
0.513310824
0.508569377
0.532083005
0.480313215
0.521597519
0.530774069
0.51783908
0.517831024
0.493659564
0.503970687
0.520686914
0.523860072
0.487886756
0.524922104
0.506494356
0.517317103
0.495791032