0.540989306
0.541492178
0.555424485
0.515326809
0.545899106
0.539133555
0.522424211
0.528776408
0.523023507
0.53844025
0.521962779
0.521059684
0.498682089
0.504629739
0.531726297
0.51803183
0.527119352
0.556757402
0.488749945
0.528809101
0.515115255
0.530680949
0.512432622
0.517267986
0.525849083
0.521702533
0.51334256
0.506902818
0.522884161
0.529133371
0.529019369
0.522191544
0.487495164
0.519702452
0.522231281
0.510051793
0.5101868
0.507474564
0.512242206
0.525215384
0.526045108
0.522299314
0.509221692
0.500952768
0.491980288
0.527987547
0.476379085
0.497271789
0.528583971
0.537625531
0.502178978
0.529520965
0.554937822
0.519695389
0.512254532
0.50676026
0.523801496
0.51835749
0.522620921
0.515444678
0.516404724
0.496807008
0.5063423
0.504123338
0.545674499
0.53722725
0.526169834
0.507645789
0.522047803
0.513717026
0.521754816
0.537012557
0.506507575
0.510357733
0.462099447
0.513885673
0.538874806
0.51953588
0.500283331
0.535766549
0.524030414
0.508656867
0.519506534
0.533308829
0.511405401
0.522025188
0.517304026
0.536052964
0.523586422
0.507927024
0.535114249
0.51648243
0.531239352
0.525074132
0.53836292
0.530377395
0.516149244
0.512067599
0.521444748
0.525832597
0.519934565
0.498652191
0.524887559
0.477769242
0.524829007
0.524048714
0.514481637
0.477344571
0.505652787
0.508256176
0.545814651
0.523883489
0.554689663
0.534416379
0.514314095
0.5098276
0.51482951
0.501452221
0.508057261
0.545007531
0.51528176
0.4891522
0.508070639
0.502268644
0.521397236
0.513999599
0.528850347
0.494788556
0.508208618
0.525281966
0.519284814
0.504143218
0.54001822
0.521222393
0.513814755
0.514598952
0.515289384
0.502976935
0.516991564
0.524429153
0.51739311
0.506130985
0.529895812
0.522065571
0.522272392
0.508995411
0.508542939
0.518589878
0.51177501
0.508145078
0.530676258
0.505550005
0.503885778
0.531055975
0.539726001
0.509321099
0.517193468
0.514111622
0.508032776
0.519911248
0.529472777
0.538581997
0.523220141
0.530224746
0.513984179
0.516250921